15
2
5 3 128 130  4 2 130 129  
8
1 8 128 130  1 9 130 130  1 12 128 130  1 7 128 130  1 6 128 130  1 7 130 130  1 11 128 130  2 5 128 130  
6
1 5 128 130  2 12 130 132  2 23 128 135  2 6 128 130  1 10 128 131  1 18 128 133  
5
1 16 130 131  1 21 130 133  5 23 128 133  1 17 130 132  1 18 132 132  
9
1 8 132 131  1 16 132 132  1 25 131 135  1 10 132 131  1 16 130 132  1 19 132 133  1 12 132 132  1 17 130 133  1 18 130 133  
7
3 5 132 130  1 10 132 131  1 19 134 133  1 9 132 131  1 17 134 133  1 9 132 132  1 15 134 132  
6
2 2 128 130  1 2 130 130  3 3 130 130  1 18 130 130  1 19 132 131  1 18 130 131  
8
1 23 133 135  1 27 133 136  1 27 134 135  2 19 134 134  1 20 133 134  1 25 133 135  1 17 132 134  1 15 134 133  
6
1 3 134 130  3 3 132 130  1 2 132 130  2 6 132 131  1 7 132 132  1 15 134 133  
7
1 5 130 126  2 6 132 126  1 2 130 126  2 5 132 126  1 2 132 126  1 6 130 126  1 7 130 126  
8
1 18 134 135  1 23 133 136  1 27 131 137  1 21 132 136  1 26 131 138  1 28 131 139  1 24 131 138  2 27 130 139  
5
2 12 132 134  3 10 130 133  2 10 128 134  1 11 132 134  1 9 132 133  
6
1 24 135 132  3 16 134 132  2 17 134 132  1 16 136 131  1 18 136 132  1 18 136 133  
8
2 24 128 136  1 19 128 134  1 9 128 133  1 18 128 134  1 27 126 136  1 8 128 132  1 12 128 133  1 21 130 135  
5
1 6 130 131  3 8 130 133  2 28 131 136  2 8 128 133  1 29 131 137  
