395
8
1 21 122 132  2 25 125 130  1 26 121 130  1 19 124 131  1 26 123 130  1 18 124 131  1 21 124 130  1 24 123 130  
8
2 18 128 128  1 12 128 127  1 12 126 128  1 17 126 129  1 16 126 128  1 15 128 128  1 16 126 130  1 18 126 129  
9
1 20 124 129  1 21 122 127  1 16 124 127  1 19 122 128  1 25 123 125  1 23 122 125  1 19 124 124  1 21 124 124  1 20 122 124  
6
1 30 125 130  1 29 123 130  1 27 126 130  1 28 125 130  2 27 125 129  3 27 125 130  
6
1 14 126 128  1 12 126 128  1 10 126 127  4 11 124 127  1 10 124 127  1 14 124 127  
8
1 17 126 124  1 15 126 124  1 18 126 126  2 15 128 123  1 16 126 123  1 16 128 123  1 9 126 124  1 15 126 123  
9
1 23 128 129  1 25 128 127  1 24 128 127  1 21 126 130  1 21 128 128  1 21 126 127  1 19 128 130  1 16 128 128  1 17 126 129  
9
1 21 124 125  1 19 126 124  1 20 124 124  1 27 125 127  1 26 126 126  1 24 124 125  1 29 125 127  1 31 125 126  1 32 124 126  
7
3 21 124 121  1 24 124 121  1 26 123 123  1 19 124 122  1 26 123 122  1 20 124 122  1 26 125 122  
8
1 21 126 125  1 23 124 125  1 18 124 125  1 15 124 126  1 11 126 125  1 9 126 126  2 6 126 126  1 5 126 126  
6
1 10 126 126  4 6 126 126  1 5 126 126  1 3 126 126  1 8 126 126  1 12 126 126  
9
1 18 126 126  1 11 126 127  1 8 128 126  1 23 126 127  1 18 128 126  1 17 128 125  1 27 126 128  1 30 125 127  1 29 125 127  
6
1 30 122 126  3 27 121 127  1 29 122 127  1 28 122 126  2 29 120 127  1 26 121 126  
8
1 19 124 123  2 21 122 124  1 16 124 121  1 19 124 121  1 18 124 120  1 15 126 118  1 17 126 119  1 16 126 119  
5
4 14 126 117  1 15 126 117  1 15 126 118  2 16 126 117  1 16 126 118  
9
1 29 127 127  1 30 125 129  1 20 126 129  1 30 125 126  1 36 128 128  1 28 128 128  1 27 128 126  1 35 128 127  1 33 128 127  
7
1 26 126 120  2 28 125 122  1 29 125 122  1 27 125 122  2 30 124 122  1 26 125 122  1 28 123 122  
9
1 36 129 127  1 36 128 125  1 34 128 124  1 33 128 125  1 37 127 125  1 33 125 125  1 33 127 124  1 36 127 125  1 32 127 125  
8
1 33 128 126  1 38 128 126  1 42 128 126  1 38 128 127  1 41 129 126  1 42 128 127  2 42 128 129  1 43 127 129  
7
1 10 126 120  1 8 128 121  1 10 128 120  2 11 128 120  2 11 126 122  1 11 128 119  1 12 126 123  
9
1 38 123 129  1 42 125 128  1 43 124 128  1 42 125 129  1 46 124 129  1 45 123 128  1 44 124 129  1 45 125 127  1 44 124 127  
9
1 35 125 126  1 25 126 124  1 19 126 125  1 40 127 126  1 33 127 126  1 27 126 125  1 43 127 126  1 39 127 125  1 35 127 125  
8
2 32 124 123  1 35 121 124  1 36 123 125  1 33 123 123  1 37 123 125  1 30 124 123  1 27 125 124  1 29 123 125  
7
2 21 124 122  1 12 124 123  1 10 126 123  1 30 125 122  2 27 125 123  1 32 125 122  1 34 124 122  
9
1 39 127 122  1 38 126 122  1 36 125 122  1 42 126 124  1 40 126 123  1 37 126 123  1 41 127 124  1 40 127 124  1 38 126 123  
9
1 37 126 127  1 35 124 126  1 28 123 126  1 35 125 126  1 27 125 126  1 14 126 125  1 38 124 126  1 29 125 126  1 12 126 126  
9
1 35 125 126  1 41 126 126  1 38 127 127  1 33 124 126  1 43 124 127  1 43 126 126  1 21 124 125  1 38 124 126  1 49 125 126  
9
1 27 125 122  1 26 126 122  1 28 125 123  1 23 126 121  1 21 126 122  1 23 128 121  1 11 128 121  1 8 128 122  1 10 128 121  
9
1 33 125 127  1 33 124 130  1 29 127 130  1 36 124 129  1 35 125 130  1 33 127 130  1 35 125 127  1 35 124 130  1 34 124 130  
7
1 21 124 118  1 21 124 117  1 24 123 118  1 20 124 117  1 19 126 116  1 20 124 116  3 20 122 118  
8
1 38 121 127  2 36 122 126  1 38 122 127  1 36 122 125  1 40 122 126  1 33 123 124  1 36 124 124  1 40 123 125  
8
1 38 127 124  1 43 128 125  2 50 128 127  1 40 127 123  1 45 127 124  1 43 127 122  1 43 128 123  1 45 127 126  
8
2 9 128 125  1 5 126 125  1 14 126 123  1 9 128 124  1 16 126 123  1 27 126 123  1 30 127 123  1 33 125 122  
8
1 14 126 122  1 20 124 123  1 33 122 124  1 11 124 126  2 15 124 126  1 36 123 126  1 14 126 125  1 34 124 126  
8
1 30 125 121  1 36 125 121  1 38 126 121  1 30 125 119  1 34 125 119  1 37 127 120  1 31 127 116  2 34 127 117  
9
1 39 128 122  1 38 127 124  1 38 126 123  1 29 127 121  1 27 126 121  1 27 125 122  1 28 125 119  1 21 126 119  1 21 126 121  
8
1 35 125 121  1 36 128 120  1 34 128 121  2 36 125 121  1 33 127 121  1 17 128 120  1 23 126 121  1 8 124 124  
8
1 33 124 117  1 33 125 117  1 35 124 117  1 28 125 116  1 27 126 115  1 28 126 114  1 27 125 116  2 25 125 115  
9
1 36 123 121  1 33 124 119  1 27 125 116  1 42 124 124  1 40 122 122  1 33 125 117  1 45 123 125  1 42 124 122  1 36 124 119  
7
1 33 128 126  1 34 128 127  2 31 128 124  1 18 130 126  2 27 128 126  1 9 126 127  1 18 128 126  
9
1 48 129 125  1 46 126 125  1 50 126 125  1 51 130 125  1 51 127 127  1 49 128 125  1 48 129 127  1 51 129 127  1 47 128 126  
9
1 35 128 130  1 45 129 128  1 44 130 125  1 23 130 131  1 35 128 129  1 42 129 126  1 21 130 130  1 33 131 128  1 43 129 127  
7
1 33 132 130  1 40 130 128  2 47 130 127  1 42 130 130  1 43 130 128  1 49 129 128  2 48 128 128  
8
1 30 127 126  1 27 128 126  1 34 127 125  2 19 130 121  1 16 130 121  1 27 130 121  1 21 130 121  1 24 130 121  
8
1 40 126 124  1 31 125 125  1 12 126 125  1 38 127 123  1 27 126 123  2 9 128 124  1 36 126 124  1 23 126 123  
9
1 39 127 133  1 36 127 133  1 36 125 132  1 40 128 132  1 44 128 132  1 43 127 132  1 40 129 132  1 50 128 133  1 51 126 133  
9
1 6 128 126  1 15 128 126  1 27 130 125  1 7 128 129  1 16 126 130  1 27 128 129  1 7 128 128  1 12 128 129  1 28 128 128  
8
1 50 128 133  1 51 126 133  1 50 126 132  1 48 129 129  2 45 129 130  1 46 129 131  1 47 128 129  1 46 128 130  
8
2 28 129 126  1 26 126 125  1 27 126 123  1 26 128 127  1 25 130 125  1 27 128 123  1 20 132 129  1 27 131 127  
9
1 37 128 127  1 46 128 128  1 46 130 129  1 21 126 127  1 34 127 128  1 42 128 129  1 10 126 126  1 14 126 128  1 24 126 129  
6
3 20 126 130  2 9 126 130  1 27 126 130  1 36 125 131  1 36 127 130  1 33 127 130  
9
1 49 125 126  1 45 125 125  1 36 125 125  1 58 125 127  1 53 125 127  1 39 125 126  1 55 126 128  1 53 126 129  1 44 124 129  
9
1 9 124 130  1 16 122 132  1 24 121 132  1 11 124 130  1 16 122 130  1 20 122 130  1 10 126 128  1 12 124 130  1 15 124 129  
8
2 16 122 128  1 15 124 127  1 9 122 128  1 18 122 128  1 25 123 127  1 12 122 128  1 25 121 127  1 31 121 128  
8
1 11 122 129  1 12 122 128  1 25 121 127  1 24 121 129  1 25 119 129  1 28 118 129  1 27 121 128  2 27 119 129  
9
1 33 127 133  1 27 126 134  1 21 126 131  1 34 128 132  1 30 127 133  1 32 125 133  1 34 127 131  1 33 127 134  1 33 125 133  
9
1 29 123 130  1 25 123 130  1 15 126 130  1 32 122 131  1 27 125 130  1 17 124 130  1 37 123 132  1 37 124 130  1 30 124 130  
8
1 14 124 120  1 8 126 125  1 7 124 126  2 14 122 122  1 12 122 123  1 15 122 122  1 18 122 122  1 20 122 121  
9
1 18 124 130  1 33 124 131  1 40 125 132  1 28 123 131  1 37 123 132  1 40 125 131  1 37 124 130  1 42 124 131  1 38 124 131  
9
1 34 123 130  1 26 125 125  1 21 122 123  1 34 124 130  1 31 122 127  1 27 123 124  1 38 124 131  1 33 122 129  1 28 122 126  
9
1 33 127 130  1 28 129 130  1 27 126 134  1 30 127 129  1 27 128 130  1 18 126 133  1 24 126 129  1 19 130 130  1 21 126 134  
9
1 19 130 130  1 21 126 134  1 26 126 135  1 27 128 130  1 36 127 133  1 33 125 136  1 32 122 133  1 40 123 133  1 42 124 132  
4
2 3 128 126  5 2 128 126  1 1 128 126  1 3 126 126  
8
1 40 123 133  1 42 124 132  1 43 124 132  2 39 123 132  1 40 125 132  1 42 125 132  1 37 123 133  1 38 124 132  
8
1 11 124 123  1 8 126 123  1 12 124 121  1 19 122 123  1 12 124 123  1 18 122 122  1 29 123 125  2 24 123 124  
8
1 36 125 129  2 41 127 130  1 38 129 131  1 39 128 132  1 37 130 132  1 31 128 132  1 33 129 131  1 35 130 131  
9
1 25 128 127  1 36 127 129  1 41 128 130  1 18 128 129  1 28 129 129  1 35 129 130  1 12 130 129  1 27 128 130  1 38 128 131  
9
1 3 126 126  1 5 128 126  1 6 128 127  1 5 128 125  1 9 130 126  1 16 128 126  1 7 128 130  1 27 128 134  1 33 127 132  
9
1 6 128 127  1 7 128 127  1 12 128 128  1 16 128 126  1 23 128 127  1 34 129 129  1 33 127 132  1 38 126 130  1 43 126 129  
9
1 38 128 132  1 42 129 133  1 48 129 132  1 33 129 131  1 27 130 133  1 40 129 131  1 24 126 131  1 17 128 130  1 41 127 134  
9
1 42 129 133  1 48 129 132  1 50 128 132  1 27 130 133  1 40 129 131  1 50 127 132  1 17 128 130  1 41 127 134  1 50 128 133  
9
1 43 130 130  1 42 130 131  1 33 129 131  1 48 127 128  1 47 127 130  1 24 126 131  1 45 127 128  1 46 125 130  1 28 126 130  
9
1 33 124 123  1 32 124 120  1 21 124 118  1 30 124 122  1 25 123 118  1 20 122 118  1 28 123 119  1 20 122 117  1 23 122 117  
9
1 47 127 132  1 49 126 131  1 44 125 129  1 43 124 127  1 42 124 124  1 37 122 120  1 40 123 126  1 36 123 123  1 32 122 120  
9
1 44 125 129  1 38 123 126  1 34 123 123  1 37 122 120  1 31 122 119  1 23 124 117  1 32 122 120  1 26 123 117  1 20 126 115  
7
2 19 126 117  1 6 126 124  1 7 126 124  2 8 126 123  1 5 128 123  1 10 126 121  1 7 126 125  
7
1 17 128 114  1 16 128 113  3 16 128 114  1 19 124 115  1 24 124 115  1 20 124 115  1 20 124 114  
8
2 15 130 130  1 12 128 130  1 28 129 129  1 16 128 130  1 35 128 130  1 17 130 130  1 18 128 131  1 34 128 131  
8
1 57 127 129  1 46 126 129  2 33 124 127  1 48 127 129  1 47 124 129  1 51 125 129  1 36 124 124  1 30 124 122  
9
1 43 128 128  1 51 127 129  1 52 128 130  1 39 128 128  1 45 128 129  1 44 128 130  1 11 128 127  1 14 128 129  1 37 128 129  
9
1 51 127 129  1 52 128 130  1 48 128 130  1 45 128 129  1 44 128 130  1 51 128 129  1 14 128 129  1 37 128 129  1 52 129 129  
9
1 51 125 129  1 36 124 124  1 30 124 122  1 46 126 127  1 36 124 123  1 32 124 120  1 33 127 126  1 25 125 121  1 24 124 118  
9
1 40 128 128  1 39 128 128  1 45 128 129  1 21 128 127  1 11 128 127  1 14 128 129  1 8 130 126  1 1 128 127  1 3 128 127  
9
1 14 128 129  1 37 128 129  1 52 129 129  1 3 128 127  1 28 131 127  1 43 130 128  1 10 128 128  1 27 130 129  1 36 130 128  
9
1 37 128 129  1 52 129 129  1 58 127 129  1 28 131 127  1 43 130 128  1 50 128 128  1 27 130 129  1 36 130 128  1 43 129 128  
8
1 2 126 129  1 2 128 129  1 14 128 130  2 11 128 130  1 32 128 130  1 31 128 132  1 29 129 132  1 40 129 133  
9
1 12 124 125  1 14 124 126  1 11 126 128  1 23 126 123  1 23 126 125  1 31 124 130  1 23 126 121  1 31 127 123  1 42 126 128  
8
2 11 128 130  1 32 128 130  1 31 128 132  1 29 129 132  1 40 129 133  1 48 128 127  1 47 127 127  1 45 131 127  
9
1 15 126 122  1 27 126 123  1 36 127 128  1 23 126 121  1 21 126 124  1 36 128 129  1 19 126 121  1 18 126 123  1 37 127 129  
8
1 52 128 130  1 52 127 129  2 51 128 129  1 51 129 128  1 52 128 129  1 53 128 131  1 54 129 129  1 57 127 129  
8
1 8 126 126  1 10 130 125  1 15 128 124  1 9 130 126  1 11 130 125  2 12 130 125  1 12 130 126  1 14 130 126  
8
1 6 128 123  2 16 124 121  1 18 124 119  1 8 126 121  1 24 123 120  1 18 126 115  1 19 124 116  1 24 124 115  
8
1 16 128 116  1 17 126 115  2 16 126 116  1 12 126 117  1 10 126 120  1 6 126 125  1 3 128 126  1 2 128 126  
9
1 27 126 121  1 20 124 126  1 46 129 129  1 25 126 123  1 26 128 125  1 40 128 127  1 23 126 123  1 26 126 125  1 31 128 127  
9
1 20 124 126  1 46 129 129  1 49 129 132  1 26 128 125  1 40 128 127  1 48 130 128  1 26 126 125  1 31 128 127  1 43 130 128  
7
2 53 127 130  1 52 126 129  1 45 125 125  1 52 127 130  2 38 127 128  1 26 125 126  1 25 123 125  
8
1 45 125 125  1 34 125 122  1 26 125 119  1 26 125 126  1 21 124 122  2 24 124 119  1 25 123 125  1 19 126 121  
9
1 19 126 116  1 18 128 117  1 20 124 121  1 17 128 116  1 20 128 118  1 24 126 120  1 21 130 118  1 27 131 119  1 33 127 123  
8
2 38 127 128  1 26 125 126  1 21 124 122  1 25 123 125  1 19 126 121  1 53 126 128  1 42 125 125  1 28 125 121  
9
1 38 127 128  1 25 123 125  1 19 126 121  1 53 126 128  1 42 125 125  1 28 125 121  1 57 127 128  1 49 125 126  1 34 124 122  
6
3 24 124 115  1 20 126 114  2 24 126 113  1 24 124 113  1 26 125 114  1 25 125 113  
7
1 15 126 115  1 15 130 113  1 16 128 114  1 11 128 116  3 11 130 114  1 10 128 116  1 9 128 118  
9
1 9 126 120  1 10 126 120  1 20 128 118  1 8 128 120  1 11 128 119  1 24 126 118  1 9 128 118  1 16 128 118  1 30 128 119  
9
1 46 130 129  1 56 128 128  1 58 128 128  1 45 130 129  1 51 128 128  1 54 130 127  1 36 132 128  1 47 132 128  1 56 131 127  
9
1 8 128 120  1 11 128 119  1 24 126 118  1 9 128 118  1 16 128 118  1 30 128 119  1 15 128 123  1 33 127 126  1 45 127 126  
9
1 11 128 119  1 24 126 118  1 28 126 119  1 16 128 118  1 30 128 119  1 35 127 119  1 33 127 126  1 45 127 126  1 52 126 127  
9
1 25 125 119  1 21 124 119  1 21 128 118  1 33 127 120  1 32 125 121  1 33 125 119  1 46 128 128  1 53 128 129  1 54 128 129  
9
1 30 128 119  1 35 127 119  1 33 125 119  1 45 127 126  1 52 126 127  1 49 126 128  1 50 128 127  1 51 128 129  1 50 128 129  
9
1 19 126 115  1 21 124 115  1 21 126 113  1 29 127 118  1 30 125 119  1 29 125 117  1 45 127 124  1 44 127 123  1 42 127 122  
9
1 20 124 114  1 19 124 115  1 20 126 114  1 26 125 116  1 21 126 115  1 20 126 115  1 41 126 122  1 37 127 121  1 35 125 121  
9
1 10 124 124  1 18 126 123  1 25 128 129  1 12 126 119  1 23 126 121  1 39 129 126  1 20 128 118  1 29 127 120  1 49 129 126  
9
1 20 124 117  1 19 126 117  1 25 125 120  1 11 126 118  1 14 126 120  1 28 125 122  1 18 124 120  1 27 125 122  1 42 126 124  
9
1 30 125 119  1 29 125 117  1 26 125 116  1 44 127 123  1 42 127 122  1 41 126 122  1 52 130 128  1 51 130 125  1 52 128 126  
9
1 38 131 129  1 52 130 131  1 54 131 130  1 26 130 130  1 49 131 131  1 54 130 130  1 33 132 129  1 47 131 131  1 54 131 131  
9
1 49 129 128  1 48 128 127  1 49 127 126  1 33 127 126  1 40 126 124  1 38 126 122  1 8 126 125  1 28 123 122  1 33 124 121  
9
1 24 126 119  1 25 126 122  1 27 126 122  1 14 128 120  1 7 128 124  1 7 130 125  1 2 130 125  1 1 128 126  1 2 128 126  
9
1 27 126 122  1 31 128 123  1 41 129 127  1 7 130 125  1 24 130 125  1 46 130 127  1 2 128 126  1 8 128 126  1 26 130 127  
9
1 42 130 130  1 35 130 129  1 31 128 127  1 51 131 129  1 28 129 128  1 10 128 126  1 59 127 129  1 49 125 127  1 32 124 124  
9
1 35 130 129  1 31 128 127  1 33 127 126  1 28 129 128  1 10 128 126  1 8 126 125  1 49 125 127  1 32 124 124  1 19 124 121  
9
1 33 127 126  1 40 126 124  1 38 126 122  1 8 126 125  1 28 123 122  1 33 124 121  1 19 124 121  1 19 124 117  1 26 126 114  
9
1 11 130 114  1 15 130 115  1 14 128 120  1 8 126 125  1 6 128 125  1 2 130 125  1 3 126 126  1 1 128 126  1 0 130 126  
8
1 7 130 125  1 24 130 125  1 46 130 127  2 2 128 126  1 8 128 126  1 26 130 127  1 1 130 126  1 14 130 128  
9
1 8 128 126  1 26 130 127  1 47 130 129  1 2 128 126  1 14 130 128  1 44 130 128  1 6 128 127  1 27 128 128  1 51 127 128  
9
1 26 130 127  1 47 130 129  1 56 128 130  1 14 130 128  1 44 130 128  1 58 128 129  1 27 128 128  1 51 127 128  1 52 126 128  
9
1 56 128 130  1 60 127 129  1 59 127 129  1 58 128 129  1 58 128 128  1 52 125 127  1 52 126 128  1 43 126 126  1 40 126 123  
9
1 0 130 127  1 1 130 127  1 6 128 127  1 0 128 128  1 5 128 128  1 20 128 127  1 1 128 129  1 10 128 129  1 27 126 127  
9
1 6 128 127  1 27 128 128  1 51 127 128  1 20 128 127  1 41 127 127  1 46 126 126  1 27 126 127  1 33 125 126  1 28 125 123  
9
1 42 126 126  1 26 126 122  1 11 126 122  1 48 127 129  1 29 127 126  1 8 126 126  1 48 128 131  1 30 127 130  1 7 128 128  
7
1 23 122 118  1 27 119 120  1 27 121 120  1 26 121 118  3 29 118 122  1 27 121 119  1 29 118 123  
9
1 8 126 126  1 11 126 125  1 26 125 124  1 7 128 128  1 11 128 127  1 33 125 125  1 14 128 130  1 23 126 130  1 42 126 129  
9
1 47 130 131  1 35 130 130  1 14 128 130  1 48 131 131  1 43 132 129  1 31 131 130  1 47 131 130  1 47 133 128  1 45 134 129  
8
1 15 126 118  1 8 126 122  1 6 128 124  1 6 128 123  2 3 128 125  1 16 128 123  1 33 129 126  1 37 129 128  
9
1 19 122 121  1 20 120 121  1 25 121 122  1 27 120 123  1 28 120 124  1 31 119 123  1 17 126 115  1 19 126 113  1 25 126 115  
9
1 43 124 123  1 46 123 125  1 48 125 127  1 33 124 122  1 36 124 123  1 42 124 126  1 21 126 112  1 24 126 113  1 26 126 116  
9
1 48 124 130  1 42 124 128  1 33 124 126  1 52 125 133  1 46 123 133  1 33 123 129  1 51 130 131  1 51 128 130  1 50 127 129  
9
1 20 128 115  1 12 126 118  1 6 128 123  1 14 128 121  1 15 128 123  1 16 128 123  1 44 129 123  1 47 128 125  1 49 128 126  
8
2 3 128 125  1 2 130 125  1 33 129 126  1 37 129 128  1 25 130 129  1 50 130 127  1 52 130 128  1 53 130 129  
8
2 2 130 126  1 1 130 126  1 16 128 130  1 15 128 130  1 6 128 130  1 48 130 131  1 42 129 130  1 25 130 130  
9
1 25 126 119  1 14 128 121  1 15 128 123  1 36 126 123  1 44 129 123  1 47 128 125  1 48 128 126  1 53 129 127  1 51 130 127  
9
1 16 128 130  1 15 128 130  1 6 128 130  1 48 130 131  1 42 129 130  1 25 130 130  1 58 129 131  1 54 129 130  1 42 128 130  
9
1 27 126 121  1 36 126 123  1 44 129 123  1 48 128 125  1 48 128 126  1 53 129 127  1 58 129 129  1 56 129 130  1 46 130 130  
6
2 21 128 111  1 20 130 110  2 21 128 110  1 23 128 111  1 25 126 113  2 20 128 111  
9
1 12 126 119  1 15 126 117  1 24 128 118  1 24 128 120  1 18 130 121  1 17 130 122  1 43 130 123  1 33 132 124  1 20 132 126  
9
1 24 128 120  1 18 130 121  1 17 130 122  1 43 130 123  1 33 132 124  1 20 132 126  1 54 130 126  1 48 132 126  1 40 132 127  
9
1 17 130 122  1 36 129 127  1 58 129 129  1 20 132 126  1 43 131 129  1 56 130 131  1 40 132 127  1 58 131 129  1 54 131 130  
9
1 20 128 111  1 21 128 110  1 20 128 112  1 23 128 114  1 26 128 114  1 29 127 117  1 27 130 118  1 32 128 121  1 45 127 123  
8
1 43 130 123  1 33 132 124  1 20 132 126  2 54 130 126  1 48 132 126  1 40 132 127  1 56 130 127  1 55 132 126  
9
1 35 125 121  1 27 125 118  1 25 125 117  1 43 128 123  1 36 128 120  1 31 127 118  1 51 131 125  1 45 131 123  1 36 129 120  
9
1 23 128 114  1 26 128 114  1 29 127 117  1 27 130 118  1 32 128 121  1 45 127 123  1 42 129 123  1 46 128 126  1 56 128 128  
9
1 61 129 132  1 56 129 131  1 55 128 131  1 57 129 132  1 55 129 132  1 58 126 133  1 53 130 133  1 56 127 133  1 57 124 135  
9
1 43 128 123  1 36 128 120  1 31 127 118  1 51 131 125  1 45 131 123  1 36 129 120  1 51 132 127  1 49 133 123  1 36 134 120  
9
1 26 128 118  1 27 130 118  1 32 128 121  1 37 130 120  1 42 129 123  1 46 128 126  1 50 125 129  1 54 126 130  1 62 127 130  
9
1 49 131 128  1 51 131 127  1 54 131 127  1 27 131 126  1 36 132 126  1 46 131 126  1 12 124 123  1 25 121 124  1 42 121 126  
9
1 51 131 127  1 54 131 127  1 54 130 127  1 36 132 126  1 46 131 126  1 54 130 126  1 25 121 124  1 42 121 126  1 50 124 128  
9
1 53 129 128  1 51 131 125  1 45 131 123  1 49 131 129  1 51 132 127  1 49 133 123  1 49 131 131  1 43 131 133  1 42 131 133  
9
1 45 131 123  1 36 129 120  1 27 128 117  1 49 133 123  1 36 134 120  1 23 131 117  1 42 131 133  1 38 130 131  1 32 129 130  
9
1 36 129 120  1 27 128 117  1 27 126 115  1 36 134 120  1 23 131 117  1 27 128 116  1 38 130 131  1 32 129 130  1 41 128 129  
9
1 27 126 115  1 23 126 113  1 24 124 113  1 27 128 116  1 26 128 114  1 26 125 114  1 41 128 129  1 38 124 127  1 29 125 122  
9
1 27 131 126  1 36 132 126  1 46 131 126  1 12 124 123  1 25 121 124  1 42 121 126  1 24 123 121  1 33 122 121  1 38 122 123  
9
1 36 132 126  1 46 131 126  1 54 130 126  1 25 121 124  1 42 121 126  1 50 124 128  1 33 122 121  1 38 122 123  1 41 125 124  
9
1 49 127 133  1 50 130 135  1 51 132 135  1 46 124 129  1 51 128 130  1 54 130 133  1 33 124 122  1 43 126 124  1 55 129 127  
8
1 50 130 135  2 51 132 135  1 51 128 130  1 54 130 133  1 55 132 132  1 43 126 124  1 55 129 127  1 58 131 129  
9
1 53 130 128  1 38 130 126  1 20 126 124  1 36 130 126  1 18 130 124  1 11 126 124  1 14 128 126  1 12 128 123  1 17 126 121  
9
1 38 130 126  1 20 126 124  1 17 126 122  1 18 130 124  1 11 126 124  1 19 126 120  1 12 128 123  1 17 126 121  1 26 125 118  
9
1 55 129 127  1 58 131 129  1 57 132 130  1 45 128 120  1 56 129 125  1 58 129 129  1 37 127 116  1 45 126 121  1 49 127 126  
9
1 56 129 127  1 43 129 125  1 20 124 126  1 50 129 125  1 26 126 123  1 9 126 124  1 36 125 124  1 17 126 122  1 16 124 123  
9
1 55 132 129  1 55 132 128  1 55 131 127  1 54 130 128  1 57 132 126  1 54 130 126  1 51 131 126  1 56 132 124  1 45 131 124  
8
1 57 132 126  1 54 130 126  2 45 131 124  1 56 132 124  1 28 129 123  1 39 127 125  1 28 126 122  1 20 126 119  
9
1 33 124 120  1 39 125 123  1 50 129 125  1 17 128 113  1 20 126 115  1 38 126 122  1 16 126 114  1 16 128 114  1 33 124 121  
8
1 43 131 128  1 51 129 128  1 56 129 128  1 18 132 129  1 31 129 129  2 49 130 128  1 19 130 130  1 28 131 129  
8
1 26 121 122  1 26 121 123  1 27 121 122  2 27 119 123  1 23 120 123  1 11 126 122  1 14 124 122  1 10 124 124  
8
1 16 130 128  1 19 130 129  1 14 130 129  1 42 131 131  1 46 133 130  1 37 130 133  2 57 127 129  1 55 127 129  
9
1 44 130 130  1 33 132 130  1 45 131 130  1 40 131 129  1 42 131 130  1 37 133 129  1 45 131 132  1 42 132 132  1 33 132 132  
9
1 21 133 131  1 8 130 128  1 3 130 127  1 48 126 129  1 43 126 128  1 21 126 127  1 50 128 128  1 48 127 128  1 27 126 127  
9
1 37 133 129  1 39 133 129  1 38 131 129  1 33 132 132  1 36 133 130  1 27 134 126  1 33 132 133  1 31 133 132  1 27 133 127  
9
1 45 124 126  1 51 125 127  1 55 127 127  1 36 123 118  1 43 124 119  1 52 123 123  1 31 124 117  1 39 122 120  1 46 123 121  
9
1 52 123 123  1 56 125 125  1 60 127 127  1 46 123 121  1 53 124 124  1 59 127 127  1 40 122 121  1 46 123 122  1 56 126 125  
9
1 48 127 128  1 27 126 127  1 5 126 127  1 51 129 126  1 34 128 125  1 11 128 126  1 56 129 127  1 45 130 125  1 27 130 125  
9
1 25 131 133  1 33 131 134  1 25 131 132  1 33 129 133  1 40 129 133  1 36 129 133  1 45 128 132  1 50 128 132  1 55 128 131  
8
1 23 130 127  1 30 129 129  1 32 131 129  1 35 130 130  1 40 132 130  1 38 132 129  1 47 133 130  2 49 134 131  
8
1 54 129 125  1 58 129 127  1 55 130 128  2 54 130 124  1 60 128 128  1 61 129 129  1 60 127 129  1 62 127 131  
9
1 23 122 123  1 23 124 123  1 21 126 124  1 27 123 124  1 20 122 124  1 15 124 124  1 38 127 129  1 15 130 130  1 9 130 129  
9
1 12 128 125  1 19 128 126  1 20 130 126  1 23 130 125  1 26 130 126  1 25 131 127  1 46 130 129  1 42 129 129  1 40 129 130  
9
1 20 130 126  1 33 128 127  1 36 128 127  1 25 131 127  1 20 133 127  1 33 131 130  1 40 129 130  1 40 128 130  1 50 129 129  
9
1 47 130 132  1 46 128 133  1 38 129 132  1 50 130 134  1 52 130 134  1 42 130 133  1 58 127 131  1 60 127 131  1 55 128 132  
9
1 49 130 129  1 37 129 128  1 23 130 127  1 50 130 129  1 37 130 128  1 10 130 126  1 50 131 131  1 32 131 129  1 11 130 127  
9
1 23 126 123  1 23 126 122  1 19 124 121  1 14 128 121  1 24 124 120  1 27 125 118  1 25 123 116  1 25 125 113  1 25 126 112  
9
1 6 130 126  1 5 126 126  1 14 128 121  1 9 126 125  1 17 126 119  1 25 123 116  1 24 124 121  1 30 124 119  1 25 125 115  
9
1 50 131 131  1 32 131 129  1 11 130 127  1 46 130 128  1 32 128 127  1 15 128 126  1 25 126 126  1 16 128 125  1 16 128 121  
8
2 52 130 127  1 48 128 127  1 38 127 128  1 33 127 126  1 32 127 123  1 19 124 130  1 15 124 126  1 19 126 121  
9
1 47 127 129  1 44 127 129  1 38 127 128  1 27 125 130  1 23 124 129  1 19 124 130  1 15 126 121  1 14 124 122  1 18 122 122  
9
1 33 127 130  1 27 125 130  1 23 124 129  1 16 126 123  1 15 126 121  1 14 124 122  1 25 123 122  1 27 123 121  1 24 123 120  
9
1 8 128 120  1 12 128 117  1 24 126 119  1 25 121 129  1 24 123 128  1 38 123 126  1 27 123 127  1 28 123 127  1 33 124 126  
9
1 15 126 115  1 10 126 120  1 15 126 117  1 24 124 116  1 19 124 115  1 21 124 115  1 30 125 115  1 28 125 114  1 26 125 115  
9
1 50 128 127  1 44 126 125  1 34 125 122  1 51 133 128  1 50 131 126  1 42 127 125  1 47 137 129  1 46 134 128  1 53 130 127  
9
1 54 133 128  1 51 133 128  1 50 131 126  1 53 134 128  1 47 137 129  1 46 134 128  1 53 134 127  1 48 137 128  1 44 136 128  
9
1 16 128 126  1 16 130 126  1 18 128 126  1 9 130 126  1 11 130 126  1 18 130 124  1 1 130 126  1 15 130 126  1 42 130 126  
8
1 16 130 126  1 18 128 126  1 29 131 125  1 11 130 126  2 18 130 124  1 15 130 126  1 42 130 126  1 31 131 126  
9
1 48 130 129  1 43 131 129  1 39 130 128  1 47 133 126  1 43 133 126  1 39 132 125  1 40 131 122  1 37 131 121  1 35 130 121  
9
1 27 130 128  1 17 130 127  1 23 130 127  1 26 131 129  1 21 130 128  1 30 132 127  1 20 132 130  1 17 132 129  1 33 132 129  
9
1 30 132 127  1 12 132 127  1 7 130 126  1 34 132 128  1 11 132 127  1 6 132 127  1 28 132 131  1 19 132 131  1 18 130 131  
9
1 12 132 127  1 7 130 126  1 6 130 127  1 11 132 127  1 6 132 127  1 1 130 128  1 19 132 131  1 18 130 131  1 27 130 131  
9
1 48 128 125  1 46 129 127  1 42 128 130  1 46 126 124  1 44 126 125  1 38 128 129  1 33 125 117  1 40 125 119  1 27 126 123  
9
1 25 133 130  1 21 133 131  1 27 131 131  1 25 130 129  1 28 131 131  1 28 129 132  1 28 126 129  1 35 129 130  1 40 130 130  
9
1 40 127 126  1 27 126 126  1 8 126 126  1 48 126 127  1 40 127 127  1 19 126 126  1 42 126 127  1 41 127 127  1 42 127 128  
9
1 27 126 117  1 28 125 119  1 31 125 120  1 25 126 113  1 21 128 115  1 21 126 115  1 19 126 113  1 17 130 111  1 15 130 110  
9
1 43 134 129  1 40 132 128  1 26 133 127  1 30 133 127  1 25 133 126  1 23 130 125  1 27 133 124  1 27 131 123  1 33 128 122  
9
1 26 133 127  1 31 131 127  1 50 131 124  1 23 130 125  1 28 129 123  1 39 128 121  1 33 128 122  1 37 123 123  1 33 124 119  
9
1 19 126 113  1 17 130 111  1 15 130 110  1 15 126 114  1 17 130 109  1 17 132 109  1 17 126 114  1 15 132 108  1 17 134 106  
9
1 16 126 126  1 25 130 126  1 33 133 126  1 23 124 123  1 14 130 123  1 15 132 123  1 37 123 122  1 37 128 123  1 32 132 122  
9
1 33 133 126  1 32 133 126  1 27 133 124  1 15 132 123  1 20 132 123  1 27 131 123  1 32 132 122  1 36 132 122  1 36 130 120  
8
1 27 133 124  2 27 131 123  1 33 128 122  1 28 129 120  1 31 125 120  1 36 130 120  1 30 128 119  1 30 124 119  
9
1 17 126 116  1 19 124 117  1 19 126 115  1 32 125 124  1 29 125 124  1 29 125 123  1 36 127 125  1 31 125 125  1 29 127 124  
8
2 36 128 133  1 37 129 132  1 35 125 128  1 36 124 129  1 39 127 127  1 21 124 121  1 24 124 121  1 28 125 122  
8
1 38 123 122  1 38 123 123  1 46 124 123  1 27 123 123  2 35 123 123  1 40 122 123  1 10 124 123  1 26 125 122  
8
1 26 125 117  1 11 126 119  1 6 128 122  1 23 126 113  1 16 128 114  1 12 130 113  2 21 128 112  1 24 130 112  
9
1 50 130 131  1 35 130 130  1 18 126 130  1 40 129 130  1 20 130 130  1 17 126 130  1 31 128 129  1 17 126 129  1 20 126 127  
9
1 21 126 122  1 21 124 125  1 26 126 126  1 15 126 126  1 21 124 128  1 38 126 130  1 11 126 126  1 26 126 129  1 53 127 130  
8
1 44 129 130  1 43 128 130  1 39 129 129  1 35 125 133  1 31 128 132  1 28 129 130  2 26 125 132  1 27 126 129  
9
1 19 128 116  1 20 128 115  1 28 125 117  1 9 130 116  1 10 130 116  1 18 130 114  1 11 126 123  1 20 124 123  1 27 125 121  
9
1 37 127 116  1 31 128 115  1 29 127 115  1 33 128 119  1 29 127 118  1 29 127 116  1 14 126 123  1 11 128 120  1 17 126 119  
8
1 38 126 123  1 38 126 121  1 33 128 119  1 21 124 125  1 20 124 124  1 14 126 123  1 8 124 126  2 3 128 126  
9
1 11 124 125  1 7 126 125  1 8 126 123  1 28 123 121  1 26 123 120  1 25 123 118  1 36 123 119  1 32 122 117  1 29 123 116  
9
1 20 124 120  1 18 122 120  1 18 122 118  1 27 123 124  1 24 123 124  1 25 121 122  1 40 122 127  1 38 121 127  1 35 121 124  
9
1 27 123 124  1 24 123 124  1 25 121 122  1 40 122 127  1 38 121 127  1 35 121 124  1 48 124 130  1 47 123 130  1 45 122 129  
8
1 48 124 130  1 47 123 130  1 45 122 129  1 52 126 133  2 52 125 133  1 50 124 131  1 53 127 135  1 54 125 135  
9
1 46 124 124  1 28 125 121  1 10 124 123  1 47 126 131  1 33 125 130  1 16 126 130  1 49 126 131  1 43 126 129  1 36 125 129  
9
1 33 128 124  1 40 129 127  1 48 131 128  1 21 126 121  1 31 128 124  1 48 130 127  1 19 126 116  1 30 127 122  1 43 129 123  
8
1 25 126 116  1 27 126 115  1 25 126 118  1 35 119 123  1 33 120 123  2 31 121 124  1 33 119 123  1 32 121 123  
9
1 18 128 118  1 17 128 116  1 16 126 117  1 33 128 127  1 34 127 127  1 27 126 124  1 43 128 128  1 43 127 128  1 36 128 126  
9
1 29 129 126  1 31 129 128  1 40 128 128  1 10 130 128  1 8 128 129  1 26 130 129  1 8 128 130  1 8 130 130  1 26 130 130  
9
1 24 130 128  1 17 130 128  1 24 130 129  1 15 132 127  1 11 130 129  1 14 130 130  1 15 132 129  1 16 132 129  1 19 132 130  
8
1 6 130 128  1 7 130 126  1 15 132 129  1 3 130 127  2 6 132 126  1 10 130 129  1 7 132 126  1 3 132 127  
9
1 21 130 130  1 17 132 130  1 29 129 132  1 19 132 131  1 25 133 132  1 37 130 133  1 11 130 131  1 27 131 134  1 43 131 133  
6
1 19 130 132  1 11 130 131  1 3 128 130  4 2 128 130  1 2 130 130  1 1 128 129  
9
1 48 132 134  1 52 131 134  1 51 131 135  1 45 133 134  1 46 132 135  1 46 131 136  1 44 132 129  1 51 131 131  1 42 131 131  
9
1 26 125 116  1 28 125 117  1 32 124 120  1 26 125 118  1 34 125 119  1 38 124 123  1 20 126 122  1 24 128 123  1 54 126 127  
9
1 17 128 115  1 16 126 117  1 25 126 117  1 28 125 121  1 21 122 124  1 16 124 123  1 46 124 129  1 37 124 130  1 26 123 132  
9
1 28 123 122  1 26 125 119  1 26 125 118  1 47 126 125  1 38 127 123  1 20 126 122  1 40 127 128  1 24 130 126  1 8 130 126  
9
1 28 125 121  1 21 122 124  1 16 124 123  1 46 124 129  1 37 124 130  1 26 123 132  1 53 129 132  1 54 128 133  1 48 126 134  
9
1 8 126 122  1 10 126 120  1 19 124 117  1 12 126 120  1 14 124 121  1 25 121 121  1 35 123 123  1 30 122 123  1 35 120 123  
9
1 20 126 122  1 24 128 123  1 54 126 127  1 8 130 126  1 18 128 126  1 54 128 130  1 1 128 128  1 18 130 128  1 43 131 130  
9
1 37 124 130  1 26 123 132  1 28 123 131  1 54 128 133  1 48 126 134  1 46 127 133  1 55 132 132  1 54 130 132  1 51 131 133  
9
1 21 124 120  1 12 126 120  1 14 124 121  1 40 123 124  1 35 123 123  1 30 122 123  1 50 126 127  1 46 124 126  1 36 122 125  
9
1 60 127 129  1 51 131 131  1 46 133 131  1 50 130 131  1 39 131 133  1 41 134 132  1 45 130 131  1 33 132 131  1 40 133 132  
9
1 52 130 128  1 51 131 127  1 44 131 127  1 54 133 127  1 42 134 126  1 38 134 126  1 45 133 129  1 21 133 127  1 9 132 126  
9
1 51 131 127  1 44 131 127  1 38 131 127  1 42 134 126  1 38 134 126  1 43 135 125  1 21 133 127  1 9 132 126  1 19 135 126  
9
1 42 126 119  1 39 125 120  1 33 125 121  1 28 125 117  1 27 126 118  1 36 124 120  1 14 128 116  1 17 124 118  1 41 125 119  
9
1 14 132 127  1 46 131 130  1 52 132 129  1 10 128 129  1 35 128 133  1 46 129 134  1 7 126 129  1 38 124 137  1 50 125 138  
9
1 52 132 129  1 45 133 129  1 21 133 127  1 46 129 134  1 56 129 132  1 50 131 131  1 50 125 138  1 57 127 136  1 56 127 135  
9
1 45 133 129  1 21 133 127  1 9 132 126  1 56 129 132  1 50 131 131  1 35 130 130  1 57 127 136  1 56 127 135  1 55 129 132  
9
1 21 133 127  1 9 132 126  1 19 135 126  1 50 131 131  1 35 130 130  1 29 132 129  1 56 127 135  1 55 129 132  1 57 129 132  
9
1 5 128 126  1 10 128 129  1 35 128 133  1 3 128 126  1 7 126 129  1 38 124 137  1 5 126 130  1 6 130 129  1 29 131 133  
9
1 35 128 133  1 46 129 134  1 56 129 132  1 38 124 137  1 50 125 138  1 57 127 136  1 29 131 133  1 45 133 133  1 51 133 134  
9
1 49 130 126  1 42 129 124  1 41 128 122  1 40 129 126  1 33 129 123  1 24 128 121  1 12 128 126  1 12 128 125  1 5 128 123  
9
1 7 126 126  1 9 126 128  1 32 129 130  1 21 124 122  1 23 124 123  1 36 125 126  1 36 123 119  1 34 125 118  1 37 124 121  
9
1 33 125 113  1 33 122 115  1 29 122 115  1 24 124 113  1 27 121 116  1 30 122 116  1 14 124 119  1 19 122 118  1 27 123 115  
9
1 48 130 129  1 47 131 129  1 51 130 125  1 46 130 130  1 39 130 130  1 40 128 126  1 35 124 128  1 32 122 126  1 32 122 124  
9
1 47 131 129  1 51 130 125  1 35 127 119  1 39 130 130  1 40 128 126  1 31 125 118  1 32 122 126  1 32 122 124  1 31 125 117  
9
1 51 130 125  1 35 127 119  1 27 126 115  1 40 128 126  1 31 125 118  1 25 126 113  1 32 122 124  1 31 125 117  1 28 126 114  
7
1 31 124 114  1 29 123 114  1 28 123 114  1 28 126 111  3 27 126 110  1 28 126 110  1 27 128 109  
9
1 10 128 120  1 19 130 122  1 35 129 129  1 11 128 119  1 12 128 124  1 18 128 127  1 9 128 120  1 7 126 125  1 6 130 126  
9
1 18 132 126  1 21 133 127  1 31 133 130  1 21 133 128  1 26 134 129  1 38 134 130  1 49 131 130  1 51 131 129  1 51 133 129  
8
2 44 130 128  1 47 130 128  1 42 129 129  1 32 129 126  1 42 129 127  1 3 130 126  1 9 128 127  1 12 130 127  
9
1 14 130 122  1 27 128 123  1 15 130 124  1 14 130 123  1 27 130 124  1 24 128 126  1 11 130 125  1 23 130 125  1 24 130 126  
8
1 24 128 129  2 25 128 129  1 21 128 130  1 34 129 129  1 37 129 128  1 36 129 129  1 51 129 128  1 53 129 129  
9
1 45 131 129  1 47 132 130  1 46 132 130  1 40 131 129  1 42 130 130  1 42 133 130  1 14 128 129  1 14 128 128  1 18 130 128  
9
1 40 132 129  1 46 132 128  1 36 132 126  1 30 133 129  1 34 133 127  1 31 132 126  1 30 129 129  1 36 127 127  1 36 127 125  
9
1 42 130 130  1 42 133 130  1 43 132 131  1 14 128 128  1 18 130 128  1 21 130 128  1 7 130 128  1 14 130 129  1 11 130 128  
9
1 14 126 130  1 11 128 130  1 11 126 130  1 38 128 130  1 37 127 129  1 36 128 129  1 46 127 130  1 40 127 129  1 37 127 128  
8
1 24 131 129  2 42 132 131  1 51 132 131  1 7 130 129  1 28 132 131  1 48 132 130  1 15 130 130  1 16 132 130  
8
1 19 130 130  1 15 130 130  1 15 130 131  1 12 128 130  1 10 128 130  1 6 130 130  2 11 128 130  1 8 130 130  
8
2 27 128 133  1 27 126 134  1 39 127 134  1 15 128 132  1 12 128 131  1 33 127 135  1 10 128 131  1 9 126 131  
9
1 12 128 131  1 33 127 135  1 42 129 134  1 9 126 131  1 27 128 133  1 48 129 133  1 12 126 131  1 24 128 133  1 47 129 132  
9
1 28 129 132  1 20 128 132  1 10 128 131  1 25 128 132  1 27 128 131  1 18 126 131  1 9 130 130  1 21 130 131  1 26 131 131  
9
1 38 127 123  1 33 127 121  1 28 126 120  1 27 128 124  1 23 126 123  1 26 126 123  1 28 132 131  1 25 133 132  1 30 132 130  
8
1 23 126 123  2 26 126 123  1 25 133 132  1 30 132 130  1 45 134 130  1 35 132 131  1 39 132 130  1 55 132 130  
9
1 26 126 123  1 31 127 125  1 36 125 126  1 45 134 130  1 47 132 130  1 30 132 130  1 55 132 130  1 46 133 130  1 14 132 130  
9
1 55 132 130  1 46 133 130  1 14 132 130  1 57 132 130  1 38 132 129  1 16 132 130  1 37 129 129  1 32 129 130  1 36 130 130  
9
1 16 132 130  1 11 132 130  1 27 133 133  1 6 130 130  1 10 132 130  1 40 131 132  1 7 128 130  1 24 131 132  1 50 131 132  
9
1 57 132 130  1 38 132 129  1 16 132 130  1 37 129 129  1 32 129 130  1 36 130 130  1 39 127 128  1 38 128 128  1 35 128 128  
9
1 7 128 130  1 24 131 132  1 50 131 132  1 19 132 131  1 42 131 131  1 53 130 133  1 42 129 132  1 51 131 132  1 53 131 132  
9
1 42 133 132  1 32 134 131  1 32 133 131  1 43 132 132  1 32 132 132  1 21 133 132  1 41 132 132  1 30 132 132  1 12 132 131  
9
1 32 134 131  1 32 133 131  1 30 133 130  1 32 132 132  1 21 133 132  1 16 134 130  1 30 132 132  1 12 132 131  1 8 130 130  
9
1 36 130 133  1 26 133 132  1 40 130 134  1 39 131 134  1 36 132 133  1 43 130 133  1 40 133 134  1 40 135 134  1 35 134 135  
9
1 42 132 127  1 39 132 127  1 33 132 127  1 38 134 126  1 38 134 125  1 29 132 126  1 18 132 126  1 11 128 126  1 6 128 126  
9
1 37 133 128  1 34 133 127  1 41 133 126  1 47 132 130  1 40 131 129  1 34 132 127  1 39 130 130  1 15 130 129  1 8 130 127  
9
1 41 133 126  1 38 134 126  1 38 134 125  1 34 132 127  1 18 132 126  1 11 128 126  1 8 130 127  1 6 130 127  1 3 130 126  
9
1 33 132 135  1 24 133 135  1 29 132 135  1 27 131 135  1 23 131 136  1 31 133 135  1 21 132 134  1 16 132 133  1 29 131 136  
9
1 29 132 135  1 44 131 134  1 38 130 132  1 31 133 135  1 38 129 136  1 32 131 133  1 29 131 136  1 30 132 135  1 30 132 133  
9
1 11 122 125  1 14 124 123  1 20 122 121  1 24 119 121  1 30 119 122  1 30 120 121  1 35 119 121  1 36 120 120  1 30 120 119  
9
1 17 132 133  1 27 131 134  1 30 131 135  1 10 130 131  1 11 128 131  1 16 130 131  1 2 130 129  1 1 128 129  1 3 128 130  
8
2 12 126 120  1 17 126 120  1 27 121 122  1 24 123 121  1 27 120 123  1 20 126 113  1 23 130 111  1 27 130 110  
9
1 24 126 117  1 26 123 119  1 23 122 120  1 25 126 116  1 24 130 113  1 7 130 116  1 32 125 116  1 24 128 115  1 9 130 116  
9
1 24 123 121  1 27 120 123  1 33 119 123  1 23 130 111  1 27 130 110  1 19 130 110  1 21 128 112  1 28 126 113  1 26 128 111  
9
1 55 128 128  1 47 127 129  1 36 125 129  1 42 129 127  1 36 127 130  1 20 126 130  1 38 129 128  1 23 130 131  1 10 128 130  
9
1 24 121 124  1 15 126 124  1 8 128 126  1 31 121 125  1 30 122 125  1 27 126 127  1 27 128 115  1 21 126 117  1 21 128 119  
9
1 18 128 128  1 27 126 126  1 38 126 123  1 45 127 129  1 35 127 126  1 40 126 124  1 55 131 129  1 52 132 129  1 51 131 129  
9
1 20 124 126  1 24 128 127  1 23 131 128  1 6 128 124  1 6 128 126  1 26 131 127  1 17 128 120  1 19 130 121  1 38 132 124  
9
1 6 128 124  1 6 128 126  1 26 131 127  1 17 128 120  1 19 130 121  1 38 132 124  1 27 128 118  1 41 129 121  1 41 131 123  
9
1 26 131 127  1 44 132 128  1 49 134 131  1 38 132 124  1 48 134 126  1 50 134 129  1 41 131 123  1 45 134 125  1 50 135 128  
9
1 19 130 121  1 38 132 124  1 48 134 126  1 41 129 121  1 41 131 123  1 45 134 125  1 31 127 120  1 39 125 124  1 42 127 124  
9
1 51 128 128  1 30 128 126  1 24 126 125  1 55 129 131  1 54 127 130  1 49 128 128  1 53 130 133  1 58 129 132  1 55 130 131  
9
1 33 124 123  1 32 121 124  1 31 121 125  1 20 122 124  1 23 119 125  1 27 121 124  1 19 122 124  1 19 118 125  1 17 118 126  
9
1 59 131 132  1 58 132 132  1 59 131 133  1 48 130 129  1 54 132 131  1 60 132 132  1 50 131 129  1 46 131 130  1 52 130 132  
9
1 20 128 127  1 7 126 127  1 1 128 127  1 33 125 127  1 9 128 127  1 3 126 128  1 34 127 128  1 20 126 129  1 7 126 128  
9
1 16 126 120  1 25 125 120  1 33 123 122  1 26 123 119  1 30 122 119  1 34 121 119  1 34 124 118  1 34 123 117  1 31 121 117  
9
1 33 133 126  1 35 133 129  1 38 134 130  1 26 133 122  1 18 134 125  1 27 133 127  1 23 128 120  1 16 130 121  1 23 128 125  
9
1 32 129 124  1 36 129 126  1 40 129 128  1 30 128 122  1 31 129 123  1 33 132 124  1 20 122 120  1 29 123 119  1 32 125 118  
9
1 42 131 128  1 40 130 130  1 40 129 132  1 33 132 126  1 28 132 128  1 42 132 131  1 27 126 117  1 26 126 118  1 30 129 123  
9
1 62 131 132  1 46 133 132  1 31 131 133  1 57 129 135  1 54 130 136  1 48 131 134  1 60 130 134  1 60 129 134  1 57 130 134  
9
1 61 131 131  1 61 129 130  1 61 130 131  1 57 131 132  1 42 131 132  1 42 132 131  1 53 132 132  1 31 131 132  1 31 132 132  
8
1 31 132 132  1 49 133 133  1 52 134 132  1 40 132 132  2 52 134 133  1 53 134 133  1 54 133 131  1 53 135 133  
6
2 52 134 133  2 53 134 133  1 57 134 132  1 53 135 133  2 54 133 132  1 53 133 133  
8
2 43 128 128  1 39 126 125  1 36 122 120  1 51 130 130  1 38 123 126  1 57 129 131  1 49 128 131  1 43 128 129  
9
1 29 128 114  1 26 130 114  1 32 129 116  1 31 124 116  1 36 123 118  1 47 123 124  1 33 127 116  1 45 124 120  1 57 126 124  
9
1 26 130 114  1 32 129 116  1 41 128 120  1 36 123 118  1 47 123 124  1 55 125 128  1 45 124 120  1 57 126 124  1 63 127 129  
9
1 45 131 133  1 51 131 129  1 39 128 125  1 30 131 130  1 41 129 128  1 33 127 123  1 42 129 128  1 31 128 126  1 35 125 123  
9
1 29 127 114  1 38 128 117  1 48 129 121  1 36 128 118  1 45 129 120  1 54 131 126  1 49 130 123  1 56 131 125  1 48 133 131  
8
1 56 132 131  2 58 132 130  1 61 131 133  1 62 130 131  1 64 129 130  1 57 131 133  1 61 129 131  1 65 127 129  
9
1 60 131 135  1 57 131 134  1 55 129 132  1 57 132 136  1 51 131 135  1 46 129 133  1 53 132 137  1 31 132 135  1 25 130 133  
9
1 14 130 126  1 25 131 129  1 48 132 132  1 3 130 125  1 16 130 126  1 38 131 130  1 9 128 123  1 23 130 125  1 27 133 129  
9
1 51 131 135  1 46 129 133  1 40 128 130  1 31 132 135  1 25 130 133  1 27 128 130  1 49 128 126  1 35 127 123  1 23 126 121  
9
1 46 129 133  1 40 128 130  1 36 127 127  1 25 130 133  1 27 128 130  1 23 128 125  1 35 127 123  1 23 126 121  1 18 126 118  
9
1 64 129 134  1 53 132 137  1 31 132 135  1 56 132 130  1 56 129 129  1 49 128 126  1 52 131 130  1 56 129 128  1 53 128 125  
9
1 53 132 137  1 31 132 135  1 25 130 133  1 56 129 129  1 49 128 126  1 35 127 123  1 56 129 128  1 53 128 125  1 42 126 123  
9
1 5 128 125  1 9 128 123  1 36 125 123  1 2 128 126  1 3 128 125  1 15 126 123  1 6 126 124  1 5 126 125  1 8 126 126  
9
1 18 124 122  1 21 126 124  1 38 127 130  1 20 126 124  1 20 128 126  1 39 129 131  1 43 127 126  1 42 129 128  1 52 130 132  
9
1 36 132 129  1 35 129 128  1 33 129 126  1 16 132 130  1 10 130 127  1 7 130 126  1 9 126 130  1 8 126 128  1 6 124 127  
9
1 33 132 131  1 16 132 130  1 10 130 127  1 16 126 130  1 9 126 130  1 8 126 128  1 23 124 129  1 26 123 127  1 23 120 127  
9
1 16 126 130  1 9 126 130  1 8 126 128  1 23 124 129  1 26 123 127  1 23 120 127  1 29 123 125  1 31 124 124  1 32 121 123  
9
1 58 133 130  1 62 131 131  1 53 132 131  1 60 131 131  1 60 131 129  1 38 130 130  1 62 130 129  1 56 130 130  1 23 128 129  
9
1 10 124 125  1 11 126 126  1 23 124 127  1 25 123 122  1 27 123 124  1 38 126 126  1 38 123 121  1 42 125 123  1 50 127 124  
9
1 57 130 130  1 34 131 129  1 33 128 127  1 59 128 128  1 51 127 127  1 33 127 124  1 58 129 127  1 48 127 125  1 32 127 123  
9
1 57 131 129  1 46 132 130  1 43 132 130  1 51 132 130  1 27 133 133  1 25 134 132  1 51 131 132  1 30 133 132  1 38 133 133  
8
1 45 125 135  2 45 126 134  1 46 123 134  1 47 124 133  1 42 126 132  1 45 122 134  1 50 123 132  1 46 123 132  
9
1 63 129 128  1 59 128 127  1 49 128 124  1 56 127 124  1 48 126 122  1 42 126 120  1 46 126 121  1 38 126 119  1 35 124 117  
9
1 27 126 120  1 17 128 121  1 14 128 123  1 18 128 121  1 9 128 123  1 11 126 125  1 12 130 130  1 8 128 131  1 19 130 132  
8
1 9 128 123  1 11 126 125  1 27 128 124  1 8 128 131  2 19 130 132  1 27 130 134  1 42 130 133  1 49 128 133  
8
1 33 132 130  1 54 130 130  1 66 129 129  1 50 131 131  1 61 131 130  1 67 129 129  1 58 132 131  2 62 131 129  
9
1 21 122 121  1 27 119 123  1 25 121 122  1 9 124 123  1 10 124 123  1 11 126 121  1 10 128 120  1 5 128 123  1 2 128 124  
5
1 33 121 115  2 32 121 117  2 31 122 116  2 31 122 115  2 33 121 116  
9
1 57 132 133  1 45 133 131  1 44 130 130  1 57 131 131  1 45 131 129  1 43 129 127  1 54 130 130  1 43 131 128  1 43 130 125  
9
1 8 124 126  1 7 126 126  1 24 124 126  1 8 124 125  1 23 122 125  1 38 126 127  1 21 122 125  1 33 124 126  1 48 126 129  
9
1 16 126 128  1 10 126 129  1 18 126 130  1 26 126 130  1 23 126 130  1 33 125 132  1 48 126 129  1 52 126 130  1 57 127 130  
9
1 26 126 130  1 23 126 130  1 33 125 132  1 48 126 129  1 52 126 130  1 57 127 130  1 55 126 129  1 61 125 131  1 60 126 131  
9
1 19 124 121  1 34 125 122  1 40 127 125  1 8 126 123  1 12 126 123  1 31 127 126  1 24 124 126  1 19 130 130  1 29 129 133  
9
1 53 127 129  1 55 126 129  1 61 125 131  1 52 130 129  1 45 131 130  1 49 131 130  1 42 131 130  1 18 132 130  1 17 132 130  
9
1 20 126 126  1 34 127 130  1 51 129 132  1 21 126 130  1 39 128 132  1 55 129 133  1 36 127 131  1 46 128 133  1 60 129 133  
9
1 17 126 124  1 23 122 127  1 31 124 130  1 30 122 126  1 33 125 126  1 47 124 131  1 33 124 126  1 34 125 127  1 49 125 130  
9
1 33 125 126  1 47 124 131  1 55 126 132  1 34 125 127  1 49 125 130  1 63 127 131  1 47 124 127  1 61 124 130  1 63 127 130  
9
1 63 127 135  1 61 129 135  1 60 129 136  1 60 129 135  1 59 129 137  1 59 129 138  1 59 129 134  1 60 130 134  1 56 131 136  
9
1 59 129 138  1 58 129 135  1 55 127 134  1 56 131 136  1 56 132 137  1 51 132 136  1 52 130 136  1 50 131 136  1 46 131 135  
9
1 21 124 126  1 37 128 130  1 45 130 133  1 36 124 127  1 45 127 130  1 52 130 133  1 44 125 128  1 46 128 132  1 52 129 134  
9
1 42 121 124  1 48 121 127  1 54 122 127  1 37 120 124  1 43 121 125  1 50 123 125  1 33 121 123  1 38 119 124  1 46 121 124  
8
1 15 122 123  1 27 123 123  1 27 123 121  1 27 119 127  2 35 120 125  1 29 120 122  1 30 120 128  1 36 122 121  
9
1 15 124 125  1 21 126 124  1 29 123 124  1 26 126 129  1 37 124 128  1 45 126 126  1 14 128 130  1 20 128 132  1 36 128 131  
9
1 26 121 126  1 29 120 125  1 32 121 123  1 31 122 127  1 32 122 124  1 31 122 124  1 43 127 129  1 49 127 129  1 48 128 128  
8
1 24 123 118  1 23 122 118  1 28 123 119  2 10 126 126  1 23 126 125  1 12 126 128  1 12 128 128  1 27 126 128  
9
1 31 125 130  1 38 126 131  1 43 127 131  1 52 126 133  1 53 126 133  1 53 127 134  1 59 126 134  1 57 127 135  1 57 126 136  
9
1 28 120 125  1 36 119 125  1 38 118 125  1 31 121 125  1 27 121 124  1 27 121 125  1 8 126 125  1 8 124 126  1 11 126 125  
9
1 20 122 127  1 25 125 127  1 30 124 129  1 18 124 130  1 27 123 130  1 40 125 130  1 35 124 132  1 42 125 132  1 53 125 133  
8
1 25 125 127  1 30 124 129  1 27 125 129  1 27 123 130  1 40 125 130  2 42 125 132  1 53 125 133  1 55 126 133  
9
1 59 129 134  1 63 127 133  1 57 128 130  1 60 127 135  1 58 127 132  1 47 124 131  1 58 128 133  1 49 127 132  1 38 124 128  
9
1 35 119 120  1 34 117 121  1 25 119 122  1 33 119 118  1 36 117 120  1 33 119 121  1 32 121 119  1 34 120 119  1 32 122 119  
8
1 28 122 125  1 31 121 125  1 27 121 124  1 8 128 125  1 8 126 125  1 8 124 126  2 2 126 128  1 6 128 126  
9
1 17 128 130  1 28 126 131  1 46 127 130  1 14 126 132  1 28 126 135  1 52 126 134  1 24 126 136  1 35 127 138  1 52 128 136  
7
1 2 128 126  2 2 126 128  2 8 124 127  1 9 124 127  1 14 122 129  1 18 120 130  1 15 120 129  
9
1 32 121 125  1 31 121 128  1 40 123 128  1 45 121 128  1 38 122 129  1 38 123 130  1 55 126 132  1 48 127 133  1 44 128 133  
9
1 14 126 132  1 28 126 135  1 52 126 134  1 24 126 136  1 35 127 138  1 52 128 136  1 50 129 134  1 50 130 133  1 53 129 133  
9
1 28 126 134  1 31 127 134  1 36 127 135  1 38 124 134  1 23 126 133  1 18 126 133  1 40 127 132  1 17 126 132  1 6 126 131  
9
1 27 123 123  1 41 122 125  1 45 121 128  1 18 124 129  1 47 125 131  1 55 126 132  1 21 122 131  1 46 125 132  1 56 126 132  
7
1 47 124 133  1 40 126 135  1 24 126 136  1 48 129 134  2 50 129 134  1 51 128 134  2 54 128 134  
9
1 33 121 127  1 36 120 128  1 42 120 130  1 27 120 124  1 31 119 124  1 42 119 126  1 27 121 123  1 32 121 124  1 38 118 125  
9
1 42 120 130  1 46 121 131  1 40 121 132  1 42 119 126  1 45 120 127  1 39 123 127  1 38 118 125  1 39 121 126  1 36 120 127  
8
1 23 126 133  1 18 126 133  1 27 126 134  1 17 126 132  1 6 126 131  1 10 126 132  1 29 125 133  2 7 126 131  
8
1 9 128 128  1 30 124 129  2 33 121 127  1 6 128 129  1 17 124 129  1 6 126 129  1 10 124 129  1 33 122 127  
7
1 30 124 129  2 33 121 127  2 33 119 125  1 17 124 129  1 10 124 129  1 33 122 127  1 31 122 125  
9
1 37 122 127  1 36 123 127  1 19 124 129  1 48 123 131  1 50 124 131  1 38 123 132  1 55 124 133  1 56 124 134  1 50 124 134  
7
1 54 127 134  1 47 127 135  1 51 128 134  1 62 126 135  2 60 126 135  1 63 125 134  2 62 125 134  
9
1 48 126 132  1 29 125 133  1 7 126 131  1 47 127 132  1 43 127 132  1 30 125 133  1 33 127 132  1 40 127 132  1 50 126 133  
9
1 12 122 126  1 19 118 128  1 24 119 127  1 19 118 126  1 31 117 125  1 34 115 127  1 30 119 125  1 39 117 125  1 33 117 125  
7
1 17 122 121  2 17 122 122  2 20 122 120  1 18 122 122  1 40 122 121  1 36 122 123  1 29 122 122  
7
1 15 124 124  2 14 122 125  1 14 124 125  2 16 122 126  1 14 124 126  1 18 122 128  1 19 120 128  
9
1 14 120 130  1 18 118 131  1 19 118 132  1 20 120 132  1 19 120 131  1 17 120 130  1 20 122 130  1 19 122 130  1 18 122 130  
7
1 23 122 133  2 27 123 133  1 31 121 134  1 28 122 133  2 32 121 133  1 29 120 133  1 31 119 133  
9
1 25 123 133  1 30 122 133  1 30 122 132  1 15 126 133  1 15 126 131  1 26 125 133  1 23 128 136  1 17 130 133  1 19 128 133  
9
1 17 126 132  1 21 122 134  1 30 122 134  1 26 125 135  1 25 125 135  1 27 123 136  1 30 125 138  1 27 125 138  1 27 125 137  
9
1 28 123 133  1 35 124 133  1 40 123 134  1 35 124 136  1 41 124 136  1 46 123 136  1 33 125 137  1 43 125 136  1 44 125 137  
9
1 44 125 137  1 46 124 137  1 47 124 138  1 42 127 137  1 43 128 137  1 42 128 138  1 39 127 137  1 41 127 137  1 40 128 137  
8
1 21 122 131  1 25 123 132  1 44 124 132  2 17 124 130  1 32 124 131  1 9 128 128  1 10 128 129  1 14 130 130  
9
1 33 119 128  1 33 120 127  1 30 122 122  1 19 130 120  1 24 130 118  1 25 128 118  1 23 128 121  1 29 127 120  1 26 126 118  
9
1 38 122 125  1 45 122 126  1 39 118 127  1 35 121 123  1 41 120 123  1 41 120 124  1 20 122 123  1 31 122 123  1 42 121 124  
9
1 40 119 128  1 38 121 129  1 21 124 130  1 38 122 124  1 40 121 126  1 25 125 125  1 39 122 124  1 36 122 126  1 19 124 125  
9
1 40 122 122  1 42 123 121  1 34 121 121  1 36 124 124  1 38 123 123  1 40 122 123  1 28 129 126  1 31 129 125  1 33 128 126  
