416
8
1 26 128 131  1 27 128 132  1 27 126 131  1 25 130 132  1 28 128 132  2 28 128 131  1 18 128 131  1 27 126 133  
6
1 32 127 131  2 32 127 130  1 30 127 131  2 32 125 131  1 29 127 131  2 30 127 130  
9
1 23 126 132  1 17 128 130  1 12 126 130  1 32 127 131  1 29 127 131  1 21 126 131  1 36 127 131  1 34 127 130  1 34 127 131  
9
1 15 128 133  1 18 130 132  1 24 128 134  1 17 128 132  1 19 128 132  1 23 126 133  1 14 128 130  1 21 126 131  1 27 126 131  
6
1 31 128 134  3 39 127 134  1 31 127 134  2 38 127 134  1 31 128 133  1 39 126 135  
9
1 40 127 133  1 42 128 132  1 43 128 131  1 39 127 132  1 42 127 131  1 43 127 132  1 38 124 134  1 40 126 132  1 41 126 132  
8
1 19 128 133  1 31 127 134  2 38 127 134  1 23 126 133  1 31 128 133  1 24 128 134  1 34 127 134  1 39 127 133  
7
2 20 124 134  1 20 126 133  2 21 124 135  1 21 124 134  1 27 125 134  1 27 123 135  1 25 125 135  
8
1 12 126 131  1 12 126 130  1 14 128 130  1 14 126 130  1 16 126 130  2 16 124 131  1 17 126 130  1 18 124 130  
3
7 36 127 130  1 36 127 131  1 37 127 129  
7
3 36 128 129  1 39 128 129  1 31 128 130  1 35 128 130  1 25 128 129  1 31 127 130  1 15 128 130  
7
2 44 127 132  2 46 126 133  1 47 127 133  1 48 126 133  1 48 127 133  1 43 127 132  1 46 127 133  
8
1 44 129 131  1 41 127 132  1 40 126 133  2 42 128 130  1 39 127 130  1 35 128 130  1 30 128 130  1 17 128 130  
8
1 34 131 131  2 37 130 132  1 26 131 132  1 32 132 131  1 33 132 131  1 15 132 130  1 21 130 132  1 26 133 131  
9
1 37 130 132  1 40 129 131  1 39 130 130  1 33 132 131  1 39 129 131  1 38 130 130  1 26 133 131  1 32 131 131  1 34 131 130  
9
1 28 128 133  1 27 126 134  1 28 126 134  1 32 128 134  1 30 127 136  1 32 127 137  1 28 129 133  1 33 125 138  1 33 124 138  
7
1 21 128 130  1 23 126 130  1 20 128 129  2 24 128 128  1 24 126 129  2 21 126 128  1 23 126 129  
9
1 33 125 138  1 33 124 138  1 30 127 136  1 21 132 133  1 23 130 134  1 24 130 134  1 14 128 131  1 15 130 131  1 19 132 132  
5
2 14 130 132  1 28 129 135  3 40 128 133  2 27 130 134  1 15 130 133  
9
1 20 130 133  1 27 133 131  1 33 129 131  1 17 132 131  1 26 133 131  1 30 131 130  1 15 132 131  1 20 133 131  1 26 131 131  
5
1 49 128 133  3 50 128 133  1 50 129 132  2 51 128 133  2 52 128 133  
8
2 42 129 130  1 36 129 130  1 15 130 130  1 38 128 130  1 17 130 130  1 40 129 130  1 39 128 130  1 18 130 130  
9
1 14 126 129  1 12 126 129  1 12 128 128  1 27 128 130  1 27 126 130  1 16 126 130  1 26 130 131  1 32 129 130  1 27 130 130  
9
1 12 132 134  1 15 132 134  1 12 132 133  1 15 132 136  1 18 134 136  1 19 132 136  1 20 133 136  1 27 134 136  1 34 131 137  
8
1 42 129 131  1 45 129 131  1 48 130 131  1 42 131 128  1 47 131 127  1 46 131 127  2 43 131 128  1 45 131 128  
9
1 15 132 136  1 18 134 136  1 19 132 136  1 20 133 136  1 27 134 136  1 34 131 137  1 29 131 136  1 30 132 135  1 33 132 135  
9
1 20 133 136  1 27 134 136  1 34 131 137  1 29 131 136  1 30 132 135  1 33 132 135  1 30 131 135  1 34 132 132  1 33 129 133  
9
1 21 133 135  1 24 133 135  1 26 133 135  1 33 131 135  1 36 130 135  1 36 129 135  1 42 130 135  1 42 130 134  1 41 130 134  
8
1 25 131 135  2 33 131 135  1 38 130 137  1 41 130 135  1 42 130 135  1 45 130 136  1 43 129 133  1 45 130 133  
9
1 16 132 132  1 25 128 133  1 27 128 130  1 20 132 127  1 28 129 126  1 29 129 125  1 27 133 129  1 36 129 127  1 35 129 126  
9
1 20 128 130  1 27 126 129  1 30 125 129  1 23 126 127  1 27 125 127  1 33 124 126  1 25 125 129  1 27 126 127  1 31 124 127  
9
1 44 130 131  1 50 128 132  1 49 129 131  1 42 128 131  1 49 128 131  1 50 129 131  1 28 129 129  1 36 129 130  1 48 129 129  
9
1 42 128 131  1 49 128 131  1 50 129 131  1 28 129 129  1 36 129 130  1 48 129 129  1 19 130 131  1 23 130 131  1 41 128 131  
9
1 48 129 132  1 36 129 132  1 28 129 133  1 51 130 131  1 34 129 131  1 27 130 131  1 52 129 135  1 48 128 136  1 46 128 136  
8
1 40 131 133  1 42 131 133  1 41 131 132  1 39 131 133  2 43 133 131  1 42 132 131  1 36 132 133  1 43 131 132  
4
5 50 131 129  2 49 131 129  1 49 131 128  1 48 132 128  
7
1 49 131 131  3 54 130 131  1 42 132 131  1 52 130 132  1 36 130 131  1 46 130 132  1 49 131 132  
8
1 23 130 134  1 26 131 134  1 29 129 134  2 25 131 135  1 27 131 135  1 27 133 134  1 26 131 135  1 26 133 135  
9
1 36 128 127  1 31 127 126  1 32 128 125  1 33 127 127  1 32 127 125  1 37 127 126  1 28 126 128  1 32 127 126  1 38 126 128  
8
1 14 130 130  2 15 130 131  1 20 130 133  1 15 132 130  1 16 130 131  1 17 130 132  1 16 130 130  1 15 132 131  
7
1 33 131 129  1 33 129 128  1 33 131 127  3 33 132 127  1 30 132 126  1 27 133 127  1 26 130 129  
6
4 33 132 127  1 30 132 126  1 27 133 127  1 21 130 128  1 15 130 129  1 11 132 127  
9
1 38 130 132  1 40 130 130  1 42 130 130  1 24 135 136  1 28 135 136  1 28 135 135  1 18 136 134  1 20 133 135  1 18 136 133  
9
1 43 131 132  1 30 131 132  1 18 132 131  1 50 131 129  1 36 130 130  1 23 130 131  1 51 131 129  1 36 132 129  1 17 130 130  
9
1 45 132 128  1 46 132 128  1 50 130 129  1 38 131 128  1 42 131 129  1 42 130 129  1 30 131 129  1 31 131 130  1 33 129 131  
8
1 36 132 129  1 17 130 130  2 15 132 130  1 39 130 130  1 18 130 131  1 40 131 129  1 20 130 130  1 31 131 130  
8
1 42 132 134  1 50 131 134  2 47 132 133  1 32 132 134  1 47 131 133  1 47 133 132  1 20 133 133  1 41 132 134  
8
1 32 132 134  1 47 131 133  1 47 133 132  1 20 133 133  2 41 132 134  1 47 132 133  1 15 134 132  1 30 131 135  
5
3 40 128 128  1 40 129 128  3 41 128 127  1 38 130 127  1 40 130 127  
7
2 26 131 135  1 26 131 133  2 29 129 135  1 32 131 133  1 31 132 130  1 40 131 131  1 47 130 130  
8
2 19 132 134  1 20 133 134  1 20 132 134  1 16 134 133  1 20 135 134  1 18 134 134  1 21 133 136  1 19 134 134  
9
1 52 129 135  1 54 129 134  1 54 131 133  1 53 130 133  1 53 132 131  1 54 132 130  1 55 132 132  1 56 132 132  1 58 132 130  
6
1 46 133 133  1 47 132 134  3 46 133 132  1 45 133 133  2 49 133 132  1 44 133 133  
8
1 27 131 137  1 30 132 138  1 39 131 138  2 26 133 138  1 27 134 138  1 31 132 139  1 24 135 139  1 23 135 138  
9
1 24 135 138  1 24 135 139  1 23 135 138  1 26 133 139  1 23 135 139  1 21 135 139  1 18 134 137  1 17 134 138  1 17 136 137  
8
1 23 135 138  2 34 133 140  1 37 130 136  1 18 136 137  1 33 133 140  1 37 131 137  1 18 137 137  1 40 131 138  
9
1 18 134 137  1 17 134 138  1 17 136 137  1 14 134 136  1 14 136 136  1 16 136 137  1 10 132 134  1 12 134 135  1 18 136 136  
9
1 43 129 136  1 47 130 133  1 48 128 133  1 41 131 135  1 48 128 135  1 50 129 133  1 38 133 137  1 38 132 137  1 38 134 134  
8
1 32 129 130  1 24 130 130  1 24 128 129  1 39 130 130  2 24 128 131  1 24 130 129  1 41 131 132  1 25 130 129  
9
1 12 132 132  1 19 134 132  1 35 132 133  1 16 132 134  1 30 133 135  1 40 134 132  1 11 134 133  1 32 134 133  1 40 133 132  
9
1 33 125 125  1 36 128 127  1 36 130 130  1 35 121 134  1 39 122 134  1 34 124 135  1 36 123 133  1 39 123 134  1 33 124 136  
9
1 43 129 131  1 17 128 130  1 21 126 130  1 44 130 131  1 16 128 130  1 19 126 130  1 46 130 130  1 23 130 129  1 15 128 129  
4
4 38 124 136  3 38 124 137  1 40 125 136  1 37 124 136  
9
1 36 133 136  1 38 131 136  1 43 131 136  1 40 133 136  1 38 135 137  1 39 132 137  1 44 135 136  1 39 134 137  1 36 134 138  
9
1 54 130 131  1 43 129 132  1 27 128 131  1 43 129 131  1 31 128 132  1 25 128 131  1 37 130 132  1 27 131 131  1 28 129 131  
9
1 37 127 125  1 38 128 126  1 40 132 127  1 39 127 125  1 41 129 126  1 48 132 128  1 44 131 132  1 47 132 132  1 56 129 131  
7
1 48 132 134  1 51 131 134  1 43 131 133  1 50 131 136  2 50 131 138  2 51 130 138  1 48 131 136  
8
1 33 135 134  1 41 135 133  2 43 135 132  1 28 136 132  1 39 134 133  1 25 137 133  1 38 135 133  1 43 134 133  
8
1 33 134 138  1 28 135 136  1 31 135 137  2 43 133 135  1 42 134 135  1 52 130 132  1 53 131 131  1 50 131 132  
8
1 53 131 133  1 51 131 133  1 45 131 133  1 38 133 133  1 32 132 133  1 32 133 133  1 36 132 133  2 33 132 133  
7
1 42 124 136  1 42 125 137  1 42 125 136  1 43 125 137  3 45 125 138  1 45 125 137  1 45 124 138  
9
1 23 126 130  1 38 128 132  1 45 130 133  1 25 126 130  1 40 129 132  1 46 130 132  1 16 128 125  1 27 132 127  1 42 133 130  
8
1 24 133 135  1 35 132 134  1 46 132 135  1 47 131 136  1 52 130 135  2 52 130 136  1 50 130 135  1 54 129 136  
8
1 54 132 131  1 48 131 131  1 36 133 130  1 59 131 132  2 45 131 131  1 23 135 131  1 57 131 132  1 29 134 131  
9
1 32 133 132  1 36 134 133  1 42 133 133  1 34 134 132  1 33 134 134  1 35 135 133  1 30 135 135  1 29 135 136  1 32 133 136  
5
1 54 129 136  2 55 128 135  4 57 127 135  1 56 127 135  1 55 127 135  
8
2 41 127 127  1 40 128 126  1 27 128 129  1 41 129 126  1 41 128 126  1 29 128 129  1 37 127 126  1 25 128 129  
9
1 42 130 128  1 34 129 127  1 26 130 126  1 43 129 128  1 31 128 127  1 18 130 126  1 42 129 127  1 28 128 126  1 18 130 127  
8
1 35 134 138  1 31 135 136  1 34 134 137  1 35 134 139  1 32 134 139  1 33 134 138  1 35 136 139  2 33 135 139  
9
1 31 128 127  1 18 130 126  1 14 130 130  1 28 128 126  1 18 130 127  1 17 130 130  1 24 130 126  1 15 130 127  1 16 130 130  
8
1 21 135 136  1 30 135 137  1 37 135 137  1 14 136 135  1 18 137 136  1 29 136 138  2 10 136 134  1 19 139 136  
9
1 30 135 137  1 37 135 137  1 35 134 139  1 18 137 136  1 29 136 138  1 35 136 139  1 10 136 134  1 19 139 136  1 32 136 139  
8
1 36 124 128  1 40 125 129  1 43 126 130  1 34 123 127  2 38 123 129  1 42 125 131  1 33 123 129  1 39 123 131  
9
1 42 133 135  1 43 133 137  1 45 133 136  1 31 133 134  1 30 132 136  1 35 133 136  1 20 130 133  1 16 132 132  1 15 132 132  
9
1 21 133 136  1 36 133 137  1 46 133 136  1 27 133 136  1 38 135 137  1 47 135 136  1 35 134 136  1 48 133 134  1 53 133 135  
9
1 50 128 128  1 48 128 127  1 45 128 124  1 54 128 128  1 50 127 127  1 46 128 125  1 53 127 129  1 47 127 127  1 42 128 126  
3
1 47 126 138  4 48 125 138  4 50 125 138  
7
1 53 125 137  1 52 125 137  1 48 125 138  3 40 126 137  1 40 125 138  1 34 125 137  1 33 125 138  
9
1 50 124 137  1 57 126 138  1 59 124 139  1 47 126 138  1 54 126 138  1 58 125 138  1 36 125 138  1 40 127 137  1 51 125 139  
8
1 33 134 136  1 47 134 136  2 54 134 135  1 41 134 135  1 50 134 136  1 52 135 135  1 50 134 135  1 50 135 135  
9
1 16 132 135  1 11 132 135  1 12 134 135  1 25 133 137  1 16 134 135  1 14 132 136  1 40 126 129  1 36 128 129  1 27 128 130  
6
2 42 132 132  1 40 133 131  1 29 134 130  2 30 135 130  2 14 128 130  1 14 128 129  
6
1 29 134 130  2 30 135 130  3 14 128 130  1 14 128 129  1 12 130 130  1 12 130 129  
9
1 48 134 129  1 51 134 128  1 50 135 129  1 46 135 132  1 47 135 132  1 45 136 131  1 40 136 137  1 37 137 136  1 33 137 135  
9
1 34 134 137  1 42 133 137  1 47 135 135  1 26 134 138  1 33 136 140  1 37 136 139  1 20 135 137  1 27 135 140  1 30 136 141  
9
1 47 135 132  1 45 136 131  1 41 135 132  1 37 137 136  1 33 137 135  1 29 136 134  1 27 137 138  1 18 139 135  1 15 136 133  
8
1 43 133 138  1 52 132 137  1 54 133 136  1 52 134 136  1 55 132 136  1 59 132 136  2 57 132 136  1 58 132 135  
9
1 26 131 129  1 21 132 132  1 15 134 132  1 42 129 127  1 36 130 131  1 25 131 134  1 40 123 127  1 38 123 128  1 39 123 128  
6
1 41 133 130  3 38 133 130  2 23 133 131  1 42 133 130  1 36 133 130  1 20 135 131  
9
1 19 132 134  1 45 133 134  1 48 134 134  1 16 134 132  1 43 133 133  1 50 134 133  1 15 132 133  1 43 133 134  1 53 134 132  
6
3 58 131 133  1 60 131 134  1 59 131 134  1 60 131 132  2 62 131 132  1 59 131 133  
9
1 40 133 131  1 45 132 130  1 33 131 129  1 42 133 131  1 41 132 129  1 19 134 126  1 46 132 131  1 38 130 129  1 11 130 127  
9
1 9 134 132  1 10 136 131  1 10 134 131  1 11 134 132  1 14 134 132  1 12 136 132  1 15 132 132  1 16 134 132  1 15 134 133  
9
1 60 131 132  1 62 131 132  1 60 131 133  1 53 132 132  1 57 132 132  1 58 132 132  1 42 133 132  1 45 133 132  1 48 132 133  
9
1 17 126 133  1 23 124 134  1 27 126 134  1 17 124 133  1 23 124 135  1 33 125 134  1 27 133 131  1 29 132 133  1 34 133 132  
9
1 36 122 125  1 40 122 128  1 47 123 132  1 40 121 126  1 45 122 129  1 46 123 133  1 46 124 130  1 47 124 131  1 48 126 132  
9
1 41 127 127  1 42 126 126  1 46 125 126  1 35 129 129  1 42 126 129  1 47 127 128  1 25 128 132  1 38 127 130  1 48 126 131  
8
1 48 132 132  2 47 132 132  1 38 133 130  1 33 134 130  1 27 134 131  1 26 133 131  1 27 134 129  1 24 136 129  
8
2 47 132 132  1 43 132 133  1 27 134 131  1 25 134 131  1 21 133 133  1 24 136 129  1 16 136 130  1 12 134 130  
9
1 38 133 130  1 33 134 130  1 27 134 131  1 26 133 131  1 27 134 129  1 24 136 129  1 12 134 129  1 25 136 127  1 29 136 129  
9
1 33 124 133  1 40 126 133  1 45 126 133  1 29 123 133  1 33 125 133  1 38 126 132  1 29 123 131  1 28 123 131  1 33 124 131  
9
1 36 126 126  1 36 127 126  1 40 128 128  1 32 128 125  1 33 129 126  1 29 129 127  1 11 128 127  1 14 128 128  1 15 128 129  
8
2 38 127 137  1 47 124 138  1 32 127 136  1 38 124 137  1 44 125 137  1 21 124 135  1 28 125 136  1 40 125 136  
9
1 42 132 137  1 45 133 137  1 45 135 136  1 37 134 136  1 47 133 136  1 47 134 137  1 30 132 137  1 45 133 136  1 50 135 136  
9
1 31 133 136  1 46 135 134  1 55 133 134  1 15 136 133  1 38 135 136  1 52 134 135  1 10 132 133  1 28 135 136  1 45 135 137  
8
1 21 124 135  1 28 125 136  1 40 125 136  1 19 122 134  2 25 121 135  1 34 123 134  1 28 122 134  1 32 121 133  
9
1 25 121 135  1 28 122 134  1 32 121 133  1 28 122 132  1 32 122 131  1 30 120 131  1 29 122 131  1 31 122 129  1 31 121 129  
9
1 20 133 135  1 33 134 136  1 38 132 136  1 10 134 131  1 16 136 133  1 24 133 136  1 20 130 130  1 17 130 130  1 23 130 130  
9
1 65 129 131  1 58 131 132  1 47 132 133  1 63 131 131  1 54 131 132  1 36 130 135  1 55 132 132  1 46 132 132  1 20 133 133  
9
1 58 131 132  1 47 132 133  1 24 133 134  1 54 131 132  1 36 130 135  1 17 132 133  1 46 132 132  1 20 133 133  1 14 132 132  
8
1 63 131 131  1 54 131 132  1 36 130 135  2 55 132 132  1 46 132 132  1 20 133 133  1 36 132 133  1 16 132 132  
8
1 15 130 133  1 17 130 134  1 20 130 135  1 16 134 133  2 30 131 138  1 43 130 137  1 15 132 134  1 45 131 138  
7
1 20 130 135  2 24 133 135  2 43 130 137  1 41 131 137  1 45 131 138  1 48 130 138  1 51 130 138  
9
1 30 133 132  1 31 135 133  1 30 136 133  1 21 137 133  1 20 137 133  1 16 136 132  1 16 130 132  1 12 130 133  1 14 132 133  
9
1 52 130 132  1 45 132 131  1 38 132 131  1 38 131 125  1 36 132 126  1 26 131 127  1 36 132 125  1 25 131 126  1 15 128 128  
9
1 44 132 125  1 40 131 125  1 38 131 125  1 45 131 125  1 43 131 124  1 36 132 125  1 40 130 124  1 36 132 123  1 25 130 124  
9
1 40 130 124  1 36 132 123  1 25 130 124  1 33 131 123  1 24 131 122  1 14 128 126  1 27 130 126  1 16 132 123  1 10 130 126  
8
1 60 129 136  1 62 129 135  1 63 128 134  1 63 129 136  1 64 128 135  1 64 128 134  2 65 128 136  1 67 127 134  
9
1 48 132 131  1 46 132 131  1 43 132 131  1 48 132 128  1 45 133 128  1 37 133 128  1 45 133 127  1 33 132 127  1 15 132 129  
8
2 64 131 129  1 64 130 130  1 61 131 131  1 66 129 130  1 65 130 130  1 58 134 130  1 63 129 133  1 66 129 131  
9
1 56 129 133  1 37 129 133  1 14 130 131  1 47 132 132  1 27 133 133  1 12 134 131  1 40 134 132  1 19 135 132  1 12 136 131  
8
1 47 132 132  1 27 133 133  2 12 134 131  1 40 134 132  1 19 135 132  1 12 136 131  1 28 135 132  1 9 134 131  
9
1 46 128 135  1 39 128 134  1 24 128 135  1 29 134 130  1 29 132 131  1 23 133 131  1 18 134 131  1 23 135 131  1 18 134 130  
8
1 50 125 139  1 49 125 140  1 45 127 139  2 46 130 139  1 40 130 137  1 46 129 137  1 42 129 136  1 35 129 136  
9
1 18 134 135  1 25 133 137  1 27 134 138  1 19 132 136  1 30 132 138  1 42 131 139  1 23 131 136  1 36 130 139  1 50 131 138  
9
1 51 135 131  1 54 135 131  1 60 133 129  1 46 134 131  1 50 135 131  1 56 134 132  1 43 135 131  1 44 136 131  1 47 134 131  
9
1 45 132 136  1 54 133 135  1 60 131 134  1 29 131 136  1 45 134 135  1 53 134 135  1 14 132 133  1 30 133 135  1 42 134 136  
8
1 48 130 133  1 49 129 132  2 24 128 132  1 51 130 134  1 51 129 133  1 56 129 131  1 50 129 130  1 18 130 130  
9
1 40 133 138  1 44 134 138  1 45 134 138  1 35 130 139  1 42 130 139  1 41 131 140  1 14 132 131  1 27 134 134  1 33 134 134  
9
1 52 131 137  1 52 132 135  1 55 131 134  1 44 129 136  1 56 130 135  1 62 130 134  1 29 128 136  1 46 127 136  1 52 131 136  
9
1 18 132 136  1 32 133 139  1 43 133 140  1 28 134 139  1 41 134 141  1 50 133 140  1 29 134 139  1 43 135 141  1 52 134 140  
9
1 32 133 139  1 43 133 140  1 51 134 138  1 41 134 141  1 50 133 140  1 56 132 138  1 43 135 141  1 52 134 140  1 57 132 138  
9
1 44 129 136  1 56 130 135  1 62 130 134  1 29 128 136  1 46 127 136  1 52 131 136  1 25 126 135  1 23 128 135  1 33 132 135  
8
1 52 131 136  2 56 132 135  1 60 131 135  1 33 132 135  1 45 132 136  1 33 131 134  1 33 131 135  1 38 130 137  
7
1 28 135 136  1 40 135 138  2 45 135 137  2 32 137 138  1 42 137 138  1 43 137 139  1 45 137 138  
9
1 21 133 133  1 32 137 138  1 43 137 139  1 23 130 135  1 27 134 137  1 36 137 139  1 20 130 133  1 19 135 135  1 21 138 137  
4
2 66 129 131  1 67 128 132  3 67 128 131  3 69 126 132  
8
1 49 136 131  1 46 137 131  1 44 135 130  2 33 137 131  1 36 135 131  1 18 134 131  1 12 134 131  1 15 130 132  
8
1 52 135 129  1 53 135 130  2 56 134 129  1 55 135 129  1 56 135 129  1 59 134 129  1 60 133 129  1 58 134 130  
9
1 28 125 131  1 47 125 132  1 47 126 135  1 19 124 130  1 41 126 132  1 43 126 135  1 11 126 130  1 35 125 133  1 41 127 135  
9
1 54 133 132  1 51 135 130  1 53 135 130  1 50 135 131  1 40 136 130  1 44 136 130  1 40 133 132  1 27 131 133  1 36 129 133  
8
1 67 128 130  1 64 129 130  1 52 129 133  1 65 129 130  2 61 129 131  1 46 128 133  1 51 130 131  1 36 129 133  
8
1 65 129 130  2 61 129 131  1 46 128 133  1 51 130 131  1 36 129 133  1 46 130 131  1 39 130 130  1 34 132 132  
9
1 15 130 136  1 28 131 139  1 38 133 139  1 21 132 138  1 37 131 140  1 43 132 139  1 24 131 139  1 39 130 141  1 44 132 140  
9
1 55 133 135  1 58 133 134  1 54 131 136  1 37 130 135  1 48 132 135  1 58 130 135  1 15 130 133  1 32 129 136  1 54 130 136  
9
1 52 131 133  1 36 130 133  1 23 133 132  1 53 130 133  1 33 131 133  1 25 131 133  1 66 125 133  1 52 127 133  1 32 129 132  
9
1 53 130 133  1 33 131 133  1 25 131 133  1 66 125 133  1 52 127 133  1 32 129 132  1 69 126 132  1 57 128 132  1 42 130 133  
9
1 37 135 131  1 45 134 130  1 49 133 131  1 15 136 133  1 44 136 133  1 48 137 131  1 10 134 131  1 38 136 133  1 51 136 131  
9
1 15 126 135  1 15 128 134  1 18 128 134  1 30 127 138  1 31 127 137  1 30 127 137  1 38 127 137  1 35 127 138  1 34 128 138  
9
1 14 128 130  1 15 130 130  1 12 128 130  1 27 125 129  1 23 124 129  1 24 126 129  1 38 124 128  1 42 127 128  1 27 126 128  
9
1 60 130 131  1 58 131 132  1 52 131 133  1 58 128 128  1 59 130 129  1 58 129 129  1 48 128 125  1 51 129 125  1 52 130 126  
9
1 17 128 133  1 16 126 133  1 15 128 132  1 37 130 136  1 39 131 135  1 41 132 135  1 50 131 136  1 54 132 135  1 54 133 135  
8
1 24 130 136  2 23 130 136  1 51 131 136  1 50 130 137  1 48 131 136  1 54 133 135  1 54 131 136  1 53 132 136  
9
1 19 132 130  1 28 128 131  1 27 128 130  1 33 132 134  1 39 131 133  1 36 130 133  1 52 130 135  1 56 132 134  1 53 131 135  
9
1 28 126 129  1 21 128 128  1 18 130 129  1 16 134 133  1 16 134 134  1 12 134 133  1 14 134 133  1 18 136 134  1 16 136 133  
9
1 17 128 133  1 16 126 133  1 18 126 133  1 33 128 137  1 31 127 137  1 30 128 135  1 43 130 137  1 49 129 137  1 48 129 136  
9
1 17 126 131  1 16 126 130  1 20 126 129  1 28 126 133  1 23 128 132  1 20 126 130  1 46 128 135  1 37 129 134  1 27 128 133  
9
1 31 127 137  1 30 128 135  1 28 126 133  1 49 129 137  1 48 129 136  1 46 128 135  1 57 130 138  1 59 129 138  1 58 129 137  
9
1 23 128 132  1 20 126 130  1 23 126 129  1 37 129 134  1 27 128 133  1 21 128 133  1 52 129 137  1 43 128 136  1 37 128 135  
9
1 42 135 135  1 48 135 135  1 51 136 135  1 32 134 133  1 42 137 133  1 48 140 134  1 15 136 131  1 27 137 134  1 42 138 133  
8
1 53 130 139  2 54 130 139  1 54 130 138  1 53 130 141  1 55 130 140  1 48 131 140  1 51 129 139  1 52 130 140  
9
1 36 130 134  1 27 131 134  1 21 130 133  1 38 133 134  1 23 135 133  1 16 132 132  1 59 131 134  1 28 135 134  1 15 134 133  
9
1 28 135 134  1 40 135 134  1 54 133 133  1 19 128 133  1 32 129 134  1 50 131 134  1 16 126 133  1 27 126 135  1 42 131 133  
9
1 23 135 133  1 16 132 132  1 17 130 131  1 28 135 134  1 15 134 133  1 19 132 132  1 53 130 133  1 29 131 135  1 18 130 134  
9
1 20 130 135  1 32 131 138  1 38 131 137  1 34 128 140  1 47 129 140  1 55 130 137  1 42 128 141  1 52 129 140  1 58 129 138  
8
1 54 132 137  1 59 131 137  2 57 132 136  1 47 134 138  1 57 132 138  1 34 133 131  1 38 134 132  1 42 133 133  
8
1 47 129 140  1 55 130 137  2 60 130 136  1 52 129 140  1 58 129 138  1 56 129 138  1 63 128 137  1 65 127 136  
9
1 12 128 131  1 21 128 133  1 33 129 136  1 36 127 133  1 48 128 134  1 55 128 136  1 52 130 136  1 55 131 136  1 55 132 135  
8
2 42 132 140  1 41 132 141  1 43 131 140  1 38 134 140  1 38 133 141  1 44 129 140  1 47 129 140  1 45 129 140  
8
1 61 129 135  1 52 128 136  1 23 130 136  2 63 129 136  1 59 129 136  1 36 129 136  1 58 129 137  1 40 130 136  
9
1 23 128 132  1 38 134 134  1 47 135 135  1 17 128 128  1 21 133 133  1 42 135 134  1 14 126 126  1 17 132 130  1 29 132 135  
9
1 27 132 137  1 31 132 139  1 32 133 137  1 27 131 138  1 36 130 141  1 39 131 140  1 33 129 139  1 40 129 141  1 45 129 140  
9
1 40 128 137  1 25 128 136  1 12 128 133  1 52 128 136  1 42 128 136  1 27 128 136  1 54 128 136  1 50 128 136  1 38 128 136  
9
1 50 128 136  1 42 128 136  1 39 129 136  1 53 128 136  1 40 129 136  1 38 129 137  1 61 128 135  1 56 128 136  1 50 130 135  
9
1 65 127 138  1 65 127 137  1 62 127 139  1 68 125 137  1 63 127 138  1 55 127 138  1 67 126 138  1 60 126 139  1 49 127 138  
9
1 40 130 138  1 40 129 137  1 33 131 136  1 41 128 139  1 38 128 138  1 35 128 138  1 47 126 138  1 42 126 139  1 39 127 137  
7
2 21 128 136  1 21 130 135  2 23 128 136  1 24 130 136  1 20 130 136  1 18 130 135  1 23 130 136  
9
1 12 126 131  1 10 128 130  1 9 130 130  1 17 130 133  1 24 128 135  1 25 130 133  1 18 132 133  1 32 129 136  1 38 129 134  
8
1 10 126 123  2 8 124 126  1 9 126 126  1 10 124 125  1 10 126 124  1 15 124 127  1 16 126 125  1 15 126 124  
9
1 12 126 124  1 9 126 126  1 11 124 126  1 12 128 126  1 15 126 127  1 17 126 126  1 21 126 127  1 23 124 129  1 26 126 129  
9
1 21 124 127  1 17 128 124  1 21 124 125  1 23 126 125  1 18 128 125  1 24 126 125  1 36 124 127  1 17 124 127  1 16 126 126  
9
1 42 131 131  1 15 130 131  1 21 130 132  1 45 131 132  1 41 131 132  1 46 130 132  1 54 126 132  1 53 126 131  1 52 126 132  
7
1 9 130 131  1 10 132 131  2 10 130 131  1 12 128 133  2 11 130 132  1 12 128 132  1 10 128 133  
9
1 16 128 128  1 12 128 127  1 9 128 127  1 32 128 130  1 27 126 130  1 15 128 130  1 46 129 133  1 42 129 132  1 32 129 133  
7
2 16 126 123  1 18 126 122  1 16 126 121  1 15 126 124  1 17 126 122  1 15 126 126  2 14 126 126  
9
1 10 130 130  1 15 130 131  1 14 130 131  1 40 130 134  1 47 129 133  1 38 129 134  1 47 130 135  1 46 128 135  1 27 130 134  
8
1 7 132 131  1 8 132 131  1 14 134 133  1 15 134 133  1 17 132 133  1 27 134 135  2 36 129 136  1 40 130 136  
9
1 27 123 121  1 32 122 123  1 26 125 123  1 20 124 123  1 27 125 123  1 25 125 125  1 32 127 125  1 38 127 126  1 36 127 127  
9
1 20 124 123  1 24 126 120  1 28 125 121  1 11 128 125  1 24 128 123  1 27 128 123  1 14 130 126  1 27 130 127  1 21 130 126  
9
1 28 126 119  1 27 126 119  1 29 125 119  1 27 126 122  1 27 128 121  1 33 127 121  1 21 130 125  1 18 130 125  1 27 128 125  
9
1 21 124 122  1 21 126 121  1 26 125 121  1 33 127 126  1 33 125 125  1 35 127 123  1 44 128 128  1 48 129 127  1 46 129 127  
9
1 24 128 123  1 27 128 123  1 29 128 122  1 27 130 127  1 21 130 126  1 25 128 126  1 41 130 129  1 32 131 129  1 36 132 128  
9
1 35 127 123  1 33 125 123  1 28 125 123  1 46 129 127  1 43 128 127  1 41 128 126  1 47 131 130  1 48 129 130  1 48 129 129  
9
1 37 124 126  1 39 123 125  1 28 123 124  1 29 125 129  1 36 126 127  1 28 125 127  1 44 127 130  1 53 128 129  1 46 126 130  
9
1 17 128 125  1 11 126 125  1 15 128 123  1 38 128 130  1 17 130 127  1 11 128 127  1 45 129 130  1 38 129 128  1 17 130 126  
8
1 8 132 132  1 15 130 134  1 26 130 136  2 9 130 132  1 14 130 133  1 18 130 134  1 12 130 133  1 27 130 136  
7
1 23 131 127  1 10 128 126  2 12 128 127  1 14 130 128  2 14 128 128  1 10 130 128  1 11 128 128  
9
1 25 125 119  1 28 125 120  1 35 125 122  1 33 125 121  1 33 125 123  1 36 125 124  1 38 126 124  1 38 126 125  1 45 127 126  
8
1 47 133 132  1 53 131 133  1 50 131 133  2 26 131 134  1 31 132 133  1 39 131 133  1 8 132 130  1 8 132 131  
9
1 51 131 129  1 54 130 129  1 50 131 128  1 47 132 128  1 47 130 129  1 42 130 127  1 19 128 128  1 18 130 127  1 19 130 126  
9
1 54 130 128  1 56 130 128  1 57 129 130  1 52 130 127  1 54 130 127  1 52 130 128  1 23 131 125  1 23 131 126  1 33 131 127  
8
1 46 130 127  1 48 129 127  1 52 130 127  1 15 130 126  1 19 132 126  1 23 131 125  1 14 128 126  2 17 130 126  
9
1 41 125 123  1 40 123 124  1 42 125 126  1 47 124 125  1 41 125 125  1 32 124 126  1 44 129 123  1 46 129 125  1 37 129 124  
9
1 32 124 126  1 19 124 130  1 38 124 130  1 37 129 124  1 33 128 126  1 38 130 125  1 45 130 124  1 34 129 126  1 18 128 126  
9
1 38 128 130  1 28 129 129  1 30 129 129  1 30 131 130  1 15 130 131  1 15 130 130  1 26 133 133  1 9 134 132  1 5 134 131  
9
1 38 133 133  1 41 134 132  1 42 134 133  1 38 134 134  1 45 134 133  1 50 134 133  1 43 134 135  1 52 132 135  1 60 131 135  
9
1 30 131 130  1 15 130 131  1 15 130 130  1 26 133 133  1 9 134 132  1 5 134 131  1 20 137 134  1 12 139 135  1 6 134 131  
9
1 11 136 133  1 37 131 134  1 40 128 132  1 12 134 134  1 32 133 134  1 40 127 133  1 27 133 136  1 33 132 133  1 37 127 129  
9
1 20 140 137  1 9 134 133  1 12 134 134  1 35 137 139  1 20 138 136  1 27 133 136  1 49 133 136  1 42 131 136  1 40 130 134  
9
1 41 127 124  1 30 127 120  1 27 126 118  1 48 127 125  1 41 126 122  1 33 125 119  1 54 128 126  1 46 127 122  1 31 127 120  
9
1 48 127 125  1 41 126 122  1 33 125 119  1 54 128 126  1 46 127 122  1 31 127 120  1 56 128 130  1 50 128 127  1 17 126 125  
9
1 39 128 122  1 43 128 124  1 35 129 125  1 44 127 125  1 48 128 126  1 26 130 126  1 48 127 126  1 41 129 126  1 14 128 126  
9
1 50 129 129  1 50 131 131  1 55 131 132  1 50 124 124  1 55 126 125  1 60 127 129  1 40 125 122  1 47 126 123  1 58 129 127  
9
1 46 125 125  1 46 125 123  1 42 124 123  1 49 126 126  1 43 125 124  1 41 125 121  1 54 126 126  1 46 126 124  1 42 125 121  
9
1 54 133 128  1 51 132 128  1 46 132 128  1 48 133 128  1 53 133 128  1 47 131 129  1 41 134 127  1 38 133 128  1 33 133 127  
9
1 61 129 128  1 61 128 130  1 57 131 129  1 60 127 126  1 62 129 127  1 62 129 129  1 54 127 124  1 58 129 125  1 61 130 127  
9
1 38 127 128  1 40 127 132  1 48 127 133  1 42 126 128  1 52 125 132  1 54 126 134  1 42 127 128  1 52 126 133  1 53 127 134  
9
1 49 130 131  1 35 125 126  1 21 126 123  1 54 130 131  1 52 126 129  1 37 124 126  1 58 130 132  1 58 129 129  1 48 126 129  
8
1 57 130 130  1 59 131 129  1 57 131 129  2 57 129 130  1 56 128 130  1 48 129 130  1 47 128 130  1 28 128 129  
8
1 14 132 132  1 12 132 132  1 14 134 131  2 27 137 135  1 23 136 134  1 48 135 136  1 51 136 135  1 46 136 134  
9
1 55 132 129  1 50 131 130  1 51 132 130  1 48 132 130  1 33 132 130  1 30 133 130  1 29 131 129  1 9 132 128  1 30 132 129  
7
2 27 137 135  1 23 136 134  1 48 135 136  1 51 136 135  1 46 136 134  2 54 131 133  1 55 130 132  
9
1 52 131 130  1 48 132 130  1 33 132 130  1 43 131 130  1 29 131 129  1 9 132 128  1 30 132 129  1 11 132 127  1 10 132 128  
9
1 57 129 130  1 47 128 130  1 28 128 129  1 55 129 132  1 42 130 131  1 12 130 130  1 52 130 132  1 35 129 130  1 11 130 128  
8
1 31 128 134  1 23 128 132  1 23 128 130  1 34 132 134  2 36 133 135  1 34 133 134  1 38 131 136  1 37 133 135  
9
1 49 127 124  1 57 129 126  1 60 129 128  1 38 127 121  1 46 129 125  1 56 129 127  1 39 125 120  1 40 128 123  1 51 129 126  
8
1 58 128 131  1 53 126 133  1 55 128 132  2 51 125 130  1 54 126 130  1 47 123 128  1 51 125 127  1 48 125 127  
9
1 55 127 131  1 46 130 129  1 38 129 128  1 58 127 129  1 51 129 127  1 37 130 126  1 47 126 125  1 43 127 124  1 28 128 123  
9
1 26 130 126  1 38 130 127  1 48 129 129  1 17 130 124  1 37 129 126  1 51 129 128  1 12 128 122  1 30 129 123  1 50 128 126  
9
1 53 128 130  1 53 128 132  1 53 129 133  1 21 126 130  1 48 128 131  1 54 130 131  1 19 126 130  1 47 128 131  1 51 129 132  
8
1 17 128 129  1 12 128 127  2 12 128 128  1 27 130 128  1 12 130 128  1 52 130 128  1 36 130 128  1 25 131 129  
9
1 48 128 129  1 18 128 129  1 14 128 129  1 55 128 130  1 36 127 129  1 17 128 130  1 48 129 129  1 45 128 130  1 25 126 130  
8
1 59 126 126  1 55 126 125  2 51 125 125  1 54 127 125  1 52 126 123  1 52 126 125  1 48 127 125  1 50 126 125  
9
1 36 127 133  1 33 125 136  1 27 126 136  1 34 125 137  1 33 125 137  1 33 127 138  1 33 124 138  1 38 124 139  1 42 127 139  
9
1 24 130 129  1 25 128 130  1 17 130 130  1 12 130 128  1 36 129 129  1 40 130 128  1 14 130 129  1 42 128 130  1 63 129 130  
9
1 25 128 130  1 17 130 130  1 20 132 130  1 36 129 129  1 40 130 128  1 40 128 128  1 42 128 130  1 63 129 130  1 62 130 129  
8
1 36 130 133  1 54 130 132  2 63 130 132  1 20 130 133  1 59 130 133  1 25 131 129  1 63 130 129  1 67 129 129  
7
2 52 130 130  1 63 131 129  1 63 130 129  2 29 131 130  1 62 130 129  1 15 130 130  1 43 130 130  
8
2 29 131 130  1 52 130 130  1 62 130 129  1 15 130 130  1 43 130 130  1 28 128 131  1 28 131 129  1 29 129 130  
9
1 52 130 130  1 62 130 129  1 54 131 129  1 29 131 130  1 43 130 130  1 47 131 129  1 28 131 129  1 29 129 130  1 33 131 130  
9
1 24 130 134  1 23 130 134  1 14 128 133  1 36 130 133  1 40 130 134  1 24 130 135  1 26 131 138  1 33 132 139  1 23 131 136  
9
1 21 126 125  1 36 128 123  1 37 128 124  1 11 128 125  1 24 126 124  1 26 130 123  1 8 128 125  1 6 130 125  1 10 130 126  
9
1 11 128 124  1 9 128 127  1 11 130 131  1 8 126 126  1 16 130 129  1 25 133 132  1 12 128 128  1 32 131 130  1 43 132 133  
9
1 58 132 133  1 61 131 131  1 59 133 131  1 33 133 133  1 42 133 132  1 48 132 133  1 9 132 131  1 16 132 132  1 23 135 131  
9
1 15 132 133  1 21 128 136  1 26 130 135  1 40 129 138  1 46 128 138  1 51 129 137  1 56 129 139  1 61 128 138  1 65 127 136  
8
1 61 128 133  1 54 130 132  1 57 130 131  1 69 126 135  2 63 127 135  1 54 130 133  1 68 126 134  1 46 130 132  
8
1 54 130 132  1 57 130 131  1 36 130 131  2 63 127 135  1 54 130 133  1 21 132 131  1 46 130 132  1 16 134 130  
8
1 14 124 126  1 27 123 128  2 11 126 128  1 23 122 125  1 28 125 126  1 29 125 124  1 25 126 124  1 10 128 126  
9
1 38 133 134  1 46 132 133  1 46 133 133  1 16 134 131  1 15 132 131  1 16 132 131  1 14 130 131  1 15 130 131  1 12 130 131  
9
1 54 133 132  1 54 133 131  1 49 133 131  1 40 132 131  1 40 133 130  1 36 133 130  1 11 130 130  1 12 132 129  1 11 132 129  
8
1 40 131 136  1 45 132 136  1 43 131 136  1 48 131 136  1 54 130 136  1 54 129 136  1 59 129 136  2 65 128 134  
8
1 12 132 129  1 11 132 129  1 10 132 129  1 11 132 130  1 15 130 131  1 10 132 130  2 50 130 134  1 54 130 134  
8
2 10 130 131  1 11 132 130  1 46 132 134  1 47 131 133  1 50 130 134  1 55 132 135  1 52 130 136  1 54 129 137  
9
1 59 130 132  1 61 131 131  1 59 129 130  1 57 132 130  1 51 131 129  1 38 130 130  1 58 131 130  1 33 132 130  1 10 132 129  
9
1 56 132 133  1 54 133 132  1 30 133 133  1 58 132 134  1 57 134 132  1 38 134 134  1 60 131 132  1 55 133 131  1 36 130 132  
8
1 19 124 124  1 10 124 126  1 15 126 126  1 36 123 126  1 32 122 126  2 40 126 127  1 39 123 127  1 52 127 128  
9
1 40 129 136  1 48 132 135  1 67 127 134  1 25 131 135  1 34 133 134  1 60 131 135  1 11 132 132  1 11 134 132  1 37 133 136  
9
1 60 131 134  1 48 132 133  1 36 130 133  1 39 131 134  1 27 131 134  1 29 132 135  1 27 132 134  1 14 132 132  1 23 135 134  
8
1 53 134 132  1 57 134 132  1 60 131 133  2 28 136 133  1 29 134 134  1 40 134 133  1 33 133 133  1 20 135 133  
7
1 58 130 135  2 54 130 136  1 42 133 136  1 38 134 136  1 40 134 136  1 23 136 135  2 17 137 134  
9
1 59 130 136  1 43 129 136  1 31 131 135  1 51 133 135  1 31 132 135  1 9 132 131  1 24 133 135  1 11 130 132  1 10 130 131  
9
1 60 132 132  1 61 132 130  1 60 133 129  1 51 134 132  1 51 135 131  1 46 134 131  1 18 132 132  1 19 134 131  1 21 133 131  
9
1 47 134 131  1 43 133 135  1 41 132 135  1 40 133 132  1 21 133 133  1 8 132 132  1 40 132 130  1 38 130 132  1 11 130 130  
8
1 46 130 130  1 27 131 131  1 17 132 130  1 29 129 131  2 33 132 130  1 10 130 130  1 11 130 130  1 30 129 132  
7
2 20 132 134  1 8 132 132  1 33 129 136  1 20 130 135  1 31 131 136  1 56 130 135  2 52 130 135  
8
1 8 132 132  1 20 132 134  1 45 132 136  1 20 130 135  1 31 131 136  1 49 131 135  2 52 130 135  1 52 131 136  
9
1 30 125 121  1 29 127 122  1 34 128 127  1 29 125 120  1 29 128 122  1 31 128 126  1 27 126 130  1 27 126 133  1 23 128 136  
9
1 46 134 132  1 47 134 131  1 53 133 133  1 26 136 132  1 36 135 131  1 49 134 132  1 24 128 132  1 23 128 133  1 36 132 133  
8
2 17 130 132  1 17 130 133  1 36 129 134  1 47 129 134  1 47 130 135  1 51 130 135  1 65 128 134  1 63 129 134  
8
1 24 128 136  1 52 130 136  1 66 127 135  1 51 128 136  1 59 129 136  1 63 129 136  1 66 128 134  2 63 127 135  
9
1 26 128 126  1 35 128 128  1 38 134 130  1 23 126 125  1 37 129 128  1 40 132 131  1 24 126 125  1 37 128 129  1 41 130 133  
9
1 17 134 132  1 23 136 133  1 36 135 133  1 18 137 133  1 23 136 134  1 30 136 135  1 21 138 133  1 25 137 135  1 27 137 135  
9
1 47 129 127  1 37 127 126  1 37 124 125  1 43 129 128  1 30 129 126  1 35 125 126  1 33 133 132  1 38 134 131  1 37 133 128  
9
1 10 132 130  1 15 132 131  1 31 131 132  1 25 131 135  1 27 132 134  1 47 133 133  1 30 131 135  1 27 132 135  1 47 133 134  
8
1 8 130 133  1 9 130 133  1 10 130 133  1 20 132 135  1 24 131 136  1 23 131 136  1 42 132 138  2 45 131 138  
9
1 27 131 126  1 26 133 129  1 31 133 132  1 24 130 125  1 24 133 126  1 25 133 130  1 26 126 123  1 25 128 126  1 18 130 128  
9
1 15 134 128  1 27 134 130  1 33 132 133  1 18 134 128  1 19 132 130  1 21 133 133  1 15 132 128  1 9 130 130  1 9 130 131  
9
1 37 135 137  1 54 134 137  1 61 129 137  1 26 134 138  1 45 134 138  1 58 131 139  1 20 135 136  1 40 134 138  1 56 132 138  
8
1 58 134 132  1 53 134 135  1 48 134 134  1 46 136 132  2 49 136 134  1 9 136 131  1 27 135 134  1 50 135 133  
9
1 29 125 121  1 29 127 124  1 31 128 128  1 38 126 120  1 43 126 124  1 35 127 127  1 55 127 128  1 57 129 130  1 56 130 132  
8
1 31 128 128  2 33 129 131  1 29 131 136  1 35 127 127  1 27 131 134  1 56 130 132  1 51 131 135  1 37 131 135  
8
1 46 136 132  2 49 136 134  1 9 136 131  1 27 135 134  1 50 135 133  1 7 132 132  1 19 137 137  1 45 136 139  
9
1 29 127 120  1 38 128 120  1 51 125 122  1 32 129 124  1 42 130 124  1 54 130 126  1 35 132 127  1 39 133 129  1 45 133 130  
9
1 42 130 124  1 54 130 126  1 58 129 128  1 39 133 129  1 45 133 130  1 51 133 131  1 35 135 132  1 33 137 132  1 42 135 134  
8
1 24 131 124  1 28 132 127  1 32 133 129  1 11 132 127  2 16 134 130  1 34 136 130  1 9 132 129  1 28 135 131  
9
1 36 133 135  1 45 133 134  1 58 133 134  1 32 136 133  1 35 134 134  1 35 135 132  1 18 137 131  1 21 137 131  1 20 135 132  
9
1 12 134 133  1 30 133 138  1 48 130 138  1 14 134 135  1 42 132 138  1 58 131 137  1 17 134 134  1 45 134 136  1 61 130 135  
8
1 16 134 133  2 28 135 136  1 40 134 136  1 8 132 131  1 14 136 133  1 9 132 131  1 9 132 132  1 12 134 133  
9
1 18 132 134  1 23 135 135  1 30 132 135  1 16 136 134  1 36 134 138  1 50 134 136  1 27 134 137  1 47 133 139  1 56 132 138  
9
1 40 135 138  1 42 136 138  1 45 137 138  1 28 138 138  1 38 137 140  1 44 138 138  1 12 134 135  1 21 135 137  1 33 136 140  
9
1 64 129 133  1 65 129 133  1 64 129 132  1 65 129 131  1 55 133 135  1 57 134 133  1 47 133 134  1 35 134 134  1 30 133 135  
9
1 28 138 138  1 38 137 140  1 44 138 138  1 12 134 135  1 21 135 137  1 33 136 140  1 8 130 133  1 11 134 133  1 18 132 136  
9
1 27 128 139  1 36 129 139  1 38 131 137  1 40 129 141  1 50 128 141  1 53 130 139  1 54 133 134  1 60 131 134  1 61 131 131  
9
1 16 132 130  1 17 128 132  1 17 126 133  1 40 129 132  1 42 128 133  1 42 126 136  1 50 126 139  1 48 126 139  1 43 128 140  
9
1 23 135 137  1 43 133 140  1 55 133 139  1 11 132 135  1 28 134 139  1 47 133 140  1 8 130 133  1 18 132 136  1 37 133 141  
6
3 7 132 132  1 12 134 135  2 11 134 134  1 20 138 136  1 21 137 137  1 24 136 137  
8
1 34 136 138  2 40 135 138  1 47 135 138  1 51 135 138  1 48 135 138  1 61 131 134  1 62 130 134  1 63 130 133  
9
1 27 134 134  1 41 133 133  1 46 131 130  1 21 137 133  1 32 134 131  1 34 133 129  1 18 128 133  1 21 128 132  1 19 128 130  
9
1 42 136 137  1 49 136 137  1 49 136 135  1 31 138 137  1 41 137 137  1 40 137 136  1 9 132 130  1 11 132 131  1 12 132 132  
9
1 47 135 138  1 51 135 138  1 48 135 138  1 61 131 134  1 62 130 134  1 63 130 133  1 63 129 133  1 62 130 133  1 59 131 134  
8
1 49 127 135  1 42 128 133  1 17 128 132  1 53 126 138  2 43 128 137  1 33 127 138  1 51 128 139  1 47 129 138  
9
1 47 131 133  1 52 133 135  1 53 134 135  1 33 133 133  1 37 137 135  1 35 138 136  1 35 134 133  1 25 140 135  1 20 141 136  
9
1 58 129 133  1 46 128 132  1 16 126 131  1 62 127 134  1 50 126 133  1 15 124 132  1 63 130 132  1 55 130 131  1 18 128 131  
9
1 23 136 138  1 24 138 138  1 25 139 138  1 27 135 139  1 25 137 138  1 23 139 138  1 34 135 140  1 27 138 138  1 23 139 137  
9
1 42 129 135  1 30 129 133  1 12 130 130  1 58 129 133  1 46 128 133  1 27 126 133  1 65 127 132  1 55 127 133  1 39 127 133  
9
1 60 129 133  1 51 128 132  1 18 126 130  1 60 130 133  1 58 129 132  1 34 128 132  1 60 130 132  1 61 129 133  1 52 128 132  
7
1 23 139 137  3 21 140 136  1 17 137 135  1 19 140 136  1 16 138 135  1 18 139 136  1 14 136 133  
8
1 51 126 133  1 49 125 133  1 47 123 132  1 45 129 135  1 48 127 135  1 47 128 133  1 27 133 136  2 28 132 136  
9
1 47 123 132  1 37 123 132  1 26 125 132  1 47 128 133  1 44 128 132  1 36 128 133  1 28 132 136  1 32 133 134  1 29 134 135  
9
1 46 126 140  1 32 129 138  1 10 128 133  1 49 127 140  1 42 129 137  1 15 132 133  1 47 127 140  1 45 129 138  1 27 130 135  
8
1 48 127 135  1 47 128 133  1 44 128 132  2 28 132 136  1 32 133 134  1 11 134 134  1 10 136 133  1 8 136 132  
9
1 42 130 138  1 28 129 137  1 21 130 136  1 53 129 136  1 45 130 136  1 43 129 136  1 64 128 136  1 61 128 136  1 60 128 136  
9
1 55 133 134  1 62 130 133  1 61 131 133  1 27 134 136  1 36 134 135  1 39 136 135  1 6 132 131  1 7 132 132  1 9 134 133  
8
1 41 129 140  1 27 130 139  2 38 130 139  1 53 130 137  1 43 132 139  1 55 133 135  1 38 133 137  1 40 133 138  
8
1 27 128 137  1 39 128 137  1 47 130 137  1 50 129 138  2 54 129 140  1 52 129 141  1 55 129 142  1 56 129 143  
9
1 29 134 135  1 40 133 136  1 40 134 137  1 27 134 135  1 49 133 136  1 47 134 137  1 16 134 130  1 28 136 129  1 34 136 130  
9
1 49 133 136  1 47 134 137  1 35 134 139  1 28 136 129  1 34 136 130  1 29 137 132  1 8 132 130  1 9 132 130  1 8 134 130  
9
1 27 131 137  1 11 128 132  1 33 128 133  1 28 134 137  1 46 130 135  1 55 127 135  1 27 134 136  1 46 132 136  1 55 131 135  
9
1 45 132 136  1 25 131 135  1 27 132 136  1 51 132 135  1 31 132 136  1 30 132 136  1 47 132 135  1 29 132 136  1 27 133 136  
9
1 56 128 136  1 38 128 135  1 21 128 133  1 42 129 136  1 18 130 133  1 12 128 131  1 33 133 134  1 14 130 131  1 14 130 130  
7
1 10 132 133  2 37 131 136  1 41 131 137  2 10 130 133  1 34 131 137  1 38 131 137  1 46 131 136  
8
1 28 123 127  1 32 125 126  1 32 122 129  2 33 122 127  1 34 123 127  1 33 123 129  1 33 123 127  1 33 121 129  
6
3 36 133 138  1 43 129 140  1 46 129 140  1 51 128 141  1 52 130 140  2 54 129 140  
9
1 20 133 136  1 24 131 138  1 46 129 140  1 26 131 138  1 33 129 140  1 51 129 141  1 26 130 136  1 36 129 139  1 52 130 139  
9
1 59 129 135  1 52 125 135  1 30 127 135  1 55 128 137  1 59 127 136  1 58 126 136  1 56 129 139  1 55 129 140  1 52 130 139  
9
1 52 125 135  1 30 127 135  1 15 124 133  1 59 127 136  1 58 126 136  1 48 125 136  1 55 129 140  1 52 130 139  1 50 128 140  
9
1 53 130 135  1 30 132 133  1 14 132 130  1 51 131 136  1 38 132 134  1 40 131 134  1 41 131 137  1 38 131 136  1 38 130 134  
9
1 27 126 134  1 20 126 130  1 15 126 129  1 53 127 140  1 54 125 142  1 51 124 142  1 56 127 140  1 58 126 140  1 58 126 141  
9
1 53 127 140  1 54 125 142  1 51 124 142  1 56 127 140  1 58 126 140  1 58 126 141  1 58 129 139  1 58 127 141  1 59 127 141  
8
1 14 130 133  1 15 130 134  1 17 130 136  1 27 130 138  1 34 128 140  2 39 129 141  1 49 128 143  1 54 129 143  
8
1 52 129 140  1 51 127 141  1 41 127 141  2 52 127 142  1 47 125 142  1 50 126 142  1 55 126 142  1 53 125 143  
9
1 41 127 141  1 37 126 141  1 25 126 136  1 47 125 142  1 46 126 140  1 37 127 138  1 53 125 143  1 51 126 141  1 43 128 138  
8
1 29 129 138  2 42 129 136  1 23 130 137  1 33 129 138  1 37 129 137  1 10 134 132  1 16 134 133  1 20 135 133  
9
1 38 126 137  1 46 126 136  1 50 126 136  1 28 126 134  1 48 126 134  1 50 127 134  1 49 128 133  1 57 128 133  1 47 128 134  
9
1 42 127 136  1 49 127 138  1 60 127 137  1 47 127 135  1 54 127 135  1 61 127 135  1 54 129 132  1 56 129 131  1 57 129 131  
8
1 36 125 133  1 15 126 131  2 12 128 130  1 33 125 133  1 14 128 130  1 36 125 132  1 16 126 132  1 14 126 131  
9
1 48 127 132  1 52 128 132  1 45 128 133  1 53 127 129  1 50 128 128  1 43 127 128  1 56 126 130  1 47 126 129  1 14 126 129  
9
1 52 128 132  1 45 128 133  1 48 127 133  1 50 128 128  1 43 127 128  1 36 129 127  1 47 126 129  1 14 126 129  1 9 128 127  
9
1 15 126 122  1 16 126 123  1 21 126 125  1 18 128 122  1 17 126 124  1 24 130 126  1 33 128 125  1 33 128 126  1 32 131 126  
9
1 34 128 138  1 21 128 136  1 12 130 131  1 39 131 133  1 40 132 131  1 28 129 131  1 42 131 133  1 42 131 132  1 40 130 130  
9
1 41 132 128  1 33 132 127  1 27 130 128  1 27 133 127  1 18 134 126  1 17 132 126  1 25 134 127  1 19 134 126  1 20 133 126  
9
1 45 129 133  1 43 130 135  1 29 131 135  1 37 128 132  1 48 129 134  1 42 130 133  1 33 125 125  1 38 124 127  1 45 127 128  
9
1 17 130 131  1 33 132 131  1 40 130 133  1 12 130 129  1 35 129 132  1 50 130 132  1 27 126 127  1 34 127 130  1 33 129 130  
9
1 18 126 126  1 18 128 128  1 18 130 129  1 33 125 126  1 27 126 126  1 20 128 127  1 34 125 119  1 33 125 120  1 29 125 121  
8
2 28 125 120  1 32 125 122  1 20 126 123  1 36 124 120  1 27 125 122  1 11 126 125  1 14 126 123  1 8 126 125  
9
1 46 123 128  1 46 122 130  1 46 123 132  1 49 127 135  1 46 129 135  1 46 128 136  1 57 128 134  1 55 130 134  1 54 130 136  
9
1 42 134 136  1 41 136 134  1 38 135 132  1 29 136 135  1 28 136 132  1 27 134 134  1 23 135 134  1 24 135 132  1 26 133 132  
8
2 46 134 140  1 50 133 141  1 45 134 139  1 49 133 140  1 48 133 139  1 46 134 138  1 46 133 140  1 46 134 139  
9
1 37 135 135  1 40 135 136  1 38 135 135  1 25 133 133  1 29 132 133  1 29 131 134  1 17 126 130  1 26 126 130  1 28 128 129  
7
2 28 128 138  1 27 128 137  1 28 126 137  1 24 126 139  2 27 126 139  1 39 128 137  1 39 126 140  
9
1 28 128 135  1 44 127 136  1 42 127 139  1 24 128 135  1 39 127 137  1 40 127 140  1 12 128 133  1 25 128 137  1 31 128 139  
9
1 10 130 126  1 18 132 125  1 11 130 126  1 37 128 129  1 42 128 129  1 21 128 130  1 46 125 134  1 48 125 135  1 36 125 135  
9
1 26 128 129  1 37 128 129  1 42 128 129  1 41 126 134  1 46 125 134  1 48 125 135  1 43 124 137  1 46 123 138  1 48 123 139  
9
1 41 126 134  1 46 125 134  1 48 125 135  1 43 124 137  1 46 123 138  1 48 123 139  1 11 130 131  1 14 132 131  1 32 131 131  
9
1 48 125 135  1 36 125 135  1 11 126 133  1 48 123 139  1 43 125 138  1 15 124 135  1 32 131 131  1 33 131 131  1 14 128 131  
9
1 21 124 130  1 35 125 130  1 37 124 128  1 20 124 132  1 35 124 131  1 39 125 129  1 33 125 133  1 45 124 131  1 51 125 130  
9
1 26 123 130  1 18 126 130  1 17 126 130  1 42 124 131  1 39 123 132  1 37 126 132  1 43 131 132  1 36 132 133  1 33 133 132  
9
1 20 124 132  1 35 124 131  1 39 125 129  1 33 125 133  1 45 124 131  1 51 125 130  1 43 129 136  1 47 129 137  1 51 129 138  
9
1 32 127 129  1 20 124 126  1 11 126 125  1 40 125 128  1 32 125 125  1 20 126 124  1 37 124 127  1 28 122 126  1 20 124 124  
9
1 32 131 133  1 21 133 133  1 20 133 135  1 29 131 134  1 26 133 135  1 18 136 133  1 50 126 133  1 50 125 135  1 48 125 136  
9
1 40 129 133  1 29 131 134  1 26 133 135  1 54 125 133  1 50 126 133  1 50 125 135  1 56 124 133  1 51 126 132  1 52 125 134  
9
1 16 126 132  1 15 126 130  1 16 124 127  1 15 126 131  1 18 124 130  1 26 123 127  1 16 124 130  1 26 121 129  1 33 119 127  
8
1 53 128 136  1 32 128 136  1 31 128 136  1 43 129 135  1 27 128 136  1 33 128 137  2 32 129 134  1 17 128 133  
8
1 17 128 133  1 18 130 133  1 25 128 135  1 25 123 137  1 29 122 138  2 32 122 138  1 29 123 137  1 30 124 137  
8
1 11 130 131  1 25 133 134  1 27 132 134  1 10 132 130  2 28 129 135  1 11 130 130  1 30 132 133  1 31 131 133  
6
1 21 126 136  1 24 126 136  1 23 128 137  1 34 127 140  3 33 125 140  2 36 125 141  
8
2 12 126 134  1 24 126 136  1 32 127 139  1 24 126 137  1 27 126 139  1 14 128 133  1 16 128 134  1 27 126 138  
8
1 35 134 136  1 38 133 137  1 42 132 137  1 19 135 134  2 18 136 135  1 19 135 135  1 16 136 133  1 16 134 133  
8
2 51 130 138  1 48 132 136  1 40 131 137  1 47 131 138  1 53 130 137  1 11 132 134  1 28 135 136  1 45 135 136  
9
1 47 135 136  1 51 134 138  1 54 133 137  1 20 137 134  1 34 135 137  1 43 136 137  1 7 134 131  1 12 136 133  1 17 137 134  
9
1 54 133 137  1 59 131 136  1 59 132 135  1 43 136 137  1 48 135 136  1 51 136 135  1 17 137 134  1 36 136 135  1 47 136 136  
8
1 16 130 136  1 12 128 136  1 11 128 135  2 17 130 136  1 15 130 136  1 16 128 136  1 18 130 136  1 16 132 135  
9
1 46 132 136  1 47 130 137  1 38 131 137  1 44 129 135  1 40 127 136  1 34 128 135  1 34 127 134  1 23 126 134  1 15 126 131  
9
1 41 134 138  1 16 134 135  1 12 134 134  1 42 134 134  1 20 137 133  1 23 135 135  1 48 135 133  1 40 135 134  1 43 133 136  
8
1 42 126 136  2 27 123 136  1 42 130 136  1 27 130 136  1 23 128 136  1 45 131 137  1 32 129 136  1 26 130 135  
9
1 30 131 137  1 16 134 133  1 8 132 133  1 51 130 138  1 40 129 140  1 33 131 138  1 54 130 139  1 54 130 141  1 57 129 138  
9
1 14 132 133  1 37 131 136  1 48 131 135  1 16 134 134  1 35 134 139  1 46 133 141  1 18 136 135  1 43 133 139  1 47 133 140  
9
1 27 133 141  1 35 134 141  1 41 133 142  1 28 134 141  1 38 132 142  1 51 132 141  1 40 133 142  1 49 132 141  1 61 129 140  
9
1 40 133 142  1 49 132 141  1 61 129 140  1 47 133 141  1 59 129 140  1 61 129 139  1 45 134 140  1 54 132 141  1 64 127 138  
8
2 16 134 131  1 17 134 132  1 53 130 136  1 52 130 137  1 48 128 138  1 58 128 140  1 57 128 141  1 58 127 142  
9
1 26 131 141  1 24 131 141  1 29 131 142  1 24 131 140  1 24 130 141  1 27 131 143  1 20 132 137  1 21 132 139  1 29 132 141  
9
1 29 131 142  1 38 131 142  1 46 129 142  1 27 131 143  1 36 130 143  1 47 129 141  1 29 132 141  1 37 131 142  1 47 128 142  
9
1 17 130 134  1 14 130 133  1 14 128 133  1 47 125 138  1 45 125 137  1 45 126 136  1 58 127 137  1 53 127 137  1 54 129 136  
9
1 42 128 139  1 48 128 139  1 53 126 139  1 33 129 138  1 42 128 138  1 46 127 139  1 25 133 137  1 29 132 139  1 32 134 137  
8
1 14 126 133  1 30 127 135  1 33 127 135  1 40 126 136  1 54 126 135  1 51 126 134  2 57 126 139  1 56 125 139  
9
1 20 133 136  1 38 130 142  1 54 129 143  1 21 133 136  1 43 129 142  1 53 129 142  1 25 131 138  1 46 130 141  1 50 127 143  
8
2 24 128 136  1 16 130 133  1 11 128 133  1 45 126 136  1 35 127 136  1 57 126 136  1 53 126 136  1 43 127 136  
8
1 47 124 133  1 47 124 135  1 32 127 136  2 47 123 132  1 46 123 134  1 27 126 135  1 42 123 131  1 34 125 134  
9
1 46 123 134  1 27 126 135  1 15 128 134  1 47 123 132  1 34 125 134  1 21 128 135  1 43 125 131  1 38 126 133  1 23 128 134  
7
1 7 124 128  2 3 126 129  2 7 126 128  1 6 126 128  1 7 126 129  1 10 126 128  1 7 128 126  
9
1 24 121 130  1 26 121 130  1 27 121 130  1 20 124 130  1 25 121 129  1 27 121 129  1 16 124 130  1 21 122 130  1 26 121 129  
9
1 40 123 130  1 36 123 130  1 33 123 129  1 39 123 129  1 32 122 130  1 27 123 130  1 34 125 128  1 21 124 127  1 14 126 128  
8
1 47 127 136  1 51 127 136  1 53 127 136  1 46 128 135  2 50 126 138  1 32 134 130  1 36 134 131  1 30 133 131  
9
1 40 137 128  1 48 134 130  1 47 134 130  1 29 137 127  1 40 136 128  1 40 135 128  1 40 132 131  1 41 132 132  1 45 132 131  
9
1 21 141 137  1 20 138 137  1 30 136 138  1 21 143 138  1 21 140 137  1 29 137 139  1 11 141 133  1 23 143 136  1 33 142 137  
9
1 20 138 137  1 30 136 138  1 45 133 140  1 21 140 137  1 29 137 139  1 52 133 140  1 23 143 136  1 33 142 137  1 42 141 136  
9
1 29 137 139  1 52 133 140  1 40 133 139  1 33 142 137  1 42 141 136  1 45 138 136  1 17 141 134  1 31 141 137  1 42 139 136  
9
1 34 137 136  1 27 139 137  1 26 141 136  1 37 137 136  1 29 139 137  1 33 138 137  1 40 135 136  1 36 137 136  1 38 138 136  
9
1 42 132 137  1 54 133 135  1 57 132 136  1 31 135 132  1 42 135 133  1 43 133 134  1 27 135 131  1 27 134 132  1 26 134 133  
9
1 28 129 128  1 35 128 133  1 37 130 135  1 27 128 127  1 28 131 131  1 31 132 133  1 25 126 124  1 20 124 127  1 35 127 129  
8
1 61 132 130  1 38 131 130  1 36 132 129  1 58 132 131  1 39 131 131  1 30 132 130  1 54 131 132  2 38 130 132  
9
1 32 133 137  1 51 131 141  1 55 130 140  1 34 133 138  1 53 131 140  1 57 130 140  1 38 133 139  1 59 129 141  1 63 128 138  
9
1 55 131 131  1 51 131 131  1 53 132 130  1 52 132 129  1 52 131 130  1 42 132 130  1 36 132 129  1 15 130 130  1 11 130 130  
6
3 45 128 141  1 44 128 142  1 44 127 140  2 46 127 141  1 45 127 143  1 47 128 142  
9
1 34 128 138  1 55 128 136  1 53 128 136  1 39 127 140  1 60 126 139  1 62 127 138  1 59 124 141  1 62 126 140  1 62 127 140  
7
1 65 126 137  2 69 126 135  2 66 127 135  1 66 125 137  1 66 123 140  1 66 122 139  1 67 123 139  
